            Q10          Q11          Q12         Q13          Q14         Q15
Q10  1.00000000  0.597714245  0.637030424  0.63922341  0.587452298  0.58075268
Q11  0.59771424  1.000000000  0.876876462  0.62594171  0.549523547  0.48276957
Q12  0.63703042  0.876876462  1.000000000  0.69228764  0.593660352  0.54742966
Q13  0.63922341  0.625941710  0.692287642  1.00000000  0.787861662  0.68227041
Q14  0.58745230  0.549523547  0.593660352  0.78786166  1.000000000  0.68900483
Q15  0.58075268  0.482769573  0.547429665  0.68227041  0.689004833  1.00000000
Q16  0.40180605  0.339675492  0.325000839  0.40368594  0.371479692  0.46604792
Q17  0.31430535  0.347855309  0.351097416  0.32262309  0.315035372  0.44264594
Q18  0.36511297  0.444690068  0.474015834  0.40656983  0.380181941  0.44191036
Q19  0.30063073  0.403198306  0.360033416  0.23517529  0.287444564  0.42475766
Q20  0.21419831  0.381018848  0.346520323  0.31062598  0.431086107  0.41378332
Q21  0.39365115  0.388361102  0.337375544  0.45563545  0.442268897  0.51818759
Q22  0.56781462  0.499459579  0.508982162  0.59463005  0.631293259  0.60137270
Q23  0.63514564  0.567193778  0.575200110  0.66210698  0.611882452  0.65295982
Q24  0.66505409  0.572254159  0.569880070  0.64256613  0.616763987  0.62392616
Q25  0.66722488  0.619451643  0.546326096  0.60659747  0.573815071  0.59779963
Q26  0.54175845  0.384176675  0.430440138  0.51191167  0.476517837  0.52044392
Q27  0.58520045  0.395843972  0.424151091  0.49596091  0.494808268  0.45462979
Q28  0.39582638  0.440760098  0.436804934  0.34970226  0.337504632  0.41752611
Q29  0.35057147  0.352958213  0.340731971  0.35699859  0.255012723  0.40621412
Q30  0.55714003  0.413219834  0.443178942  0.59011480  0.528820979  0.59682857
Q31  0.41843114  0.290554403  0.323958680  0.38484303  0.361673129  0.44886332
Q32 -0.14149373 -0.007501322 -0.013857375 -0.03030870 -0.065538229 -0.03404409
Q33 -0.06340431  0.068728639 -0.006726416  0.04577825  0.001877752 -0.06918789
Q34 -0.19135217 -0.038270427 -0.107255777 -0.09931181 -0.151386090 -0.20738406
Q35  0.34168974  0.243495129  0.211047420  0.34075144  0.328567602  0.42949231
Q36  0.35498164  0.359562541  0.344777059  0.38318926  0.343267896  0.34622365
Q37  0.30753942  0.227631625  0.197696231  0.28296324  0.309176646  0.34753290
            Q16        Q17          Q18         Q19         Q20        Q21
Q10  0.40180605 0.31430535  0.365112966  0.30063073  0.21419831 0.39365115
Q11  0.33967549 0.34785531  0.444690068  0.40319831  0.38101885 0.38836110
Q12  0.32500084 0.35109742  0.474015834  0.36003342  0.34652032 0.33737554
Q13  0.40368594 0.32262309  0.406569827  0.23517529  0.31062598 0.45563545
Q14  0.37147969 0.31503537  0.380181941  0.28744456  0.43108611 0.44226890
Q15  0.46604792 0.44264594  0.441910360  0.42475766  0.41378332 0.51818759
Q16  1.00000000 0.34863993  0.483141836  0.29053568  0.18685078 0.46086523
Q17  0.34863993 1.00000000  0.498419646  0.47748649  0.33198971 0.44262660
Q18  0.48314184 0.49841965  1.000000000  0.54803580  0.37249601 0.50784372
Q19  0.29053568 0.47748649  0.548035795  1.00000000  0.60993617 0.54980848
Q20  0.18685078 0.33198971  0.372496011  0.60993617  1.00000000 0.53914921
Q21  0.46086523 0.44262660  0.507843724  0.54980848  0.53914921 1.00000000
Q22  0.40912522 0.39376547  0.544943826  0.46652705  0.47066670 0.55694058
Q23  0.41819445 0.38620483  0.545974219  0.41086010  0.42728376 0.53293115
Q24  0.38686649 0.32955750  0.461887630  0.40418722  0.43602335 0.50845002
Q25  0.38251890 0.31793589  0.465362347  0.37033743  0.44262892 0.50701420
Q26  0.27574573 0.35200717  0.264173101  0.27739279  0.31016437 0.30730119
Q27  0.27793004 0.26297530  0.341774850  0.22928293  0.22012661 0.30932968
Q28  0.26187961 0.31181882  0.274095790  0.28175389  0.23935170 0.27055655
Q29  0.23615309 0.17354137  0.285564705  0.23448402  0.23573683 0.26927860
Q30  0.36964381 0.30896077  0.376631995  0.33994227  0.32747313 0.40562327
Q31  0.30045564 0.33385282  0.279206591  0.28632469  0.35745710 0.34198124
Q32  0.02153652 0.15971553  0.209171121  0.01433485  0.05425700 0.11226059
Q33  0.04817900 0.02035941  0.148354060 -0.06212839  0.00725154 0.03726646
Q34 -0.01446279 0.06088496 -0.002574706 -0.06853703 -0.11135996 0.01733199
Q35  0.26694900 0.14979164  0.190644694  0.21883771  0.16479253 0.29427002
Q36  0.23119554 0.28116562  0.187697724  0.13151817  0.14413814 0.27579309
Q37  0.19498406 0.29376378  0.143791906  0.15017545  0.14119979 0.26678340
            Q22         Q23         Q24          Q25         Q26          Q27
Q10  0.56781462  0.63514564  0.66505409  0.667224885  0.54175845  0.585200455
Q11  0.49945958  0.56719378  0.57225416  0.619451643  0.38417668  0.395843972
Q12  0.50898216  0.57520011  0.56988007  0.546326096  0.43044014  0.424151091
Q13  0.59463005  0.66210698  0.64256613  0.606597473  0.51191167  0.495960913
Q14  0.63129326  0.61188245  0.61676399  0.573815071  0.47651784  0.494808268
Q15  0.60137270  0.65295982  0.62392616  0.597799630  0.52044392  0.454629786
Q16  0.40912522  0.41819445  0.38686649  0.382518899  0.27574573  0.277930039
Q17  0.39376547  0.38620483  0.32955750  0.317935890  0.35200717  0.262975304
Q18  0.54494383  0.54597422  0.46188763  0.465362347  0.26417310  0.341774850
Q19  0.46652705  0.41086010  0.40418722  0.370337426  0.27739279  0.229282931
Q20  0.47066670  0.42728376  0.43602335  0.442628925  0.31016437  0.220126612
Q21  0.55694058  0.53293115  0.50845002  0.507014196  0.30730119  0.309329681
Q22  1.00000000  0.82644565  0.81188281  0.764701977  0.54069503  0.472256967
Q23  0.82644565  1.00000000  0.81984962  0.809011348  0.52628314  0.470923232
Q24  0.81188281  0.81984962  1.00000000  0.816762954  0.54964269  0.546226895
Q25  0.76470198  0.80901135  0.81676295  1.000000000  0.51746039  0.481547433
Q26  0.54069503  0.52628314  0.54964269  0.517460386  1.00000000  0.739853501
Q27  0.47225697  0.47092323  0.54622690  0.481547433  0.73985350  1.000000000
Q28  0.34566118  0.37599475  0.34415303  0.397042812  0.52394678  0.431734852
Q29  0.32822668  0.43145199  0.41381597  0.455372132  0.51834723  0.464769422
Q30  0.58865682  0.59608662  0.62028311  0.595092406  0.67388687  0.641293287
Q31  0.41509853  0.42507499  0.43668121  0.372206611  0.60671334  0.485615774
Q32 -0.06206244 -0.03494339 -0.07759514 -0.054366095 -0.09102952  0.054870654
Q33 -0.05654431  0.02466907 -0.01338561  0.005982242 -0.12197955  0.081735685
Q34 -0.19969384 -0.12624385 -0.15354452 -0.156786790 -0.15472721 -0.009432967
Q35  0.33739553  0.39157155  0.33727566  0.326120237  0.48570823  0.444629027
Q36  0.32795687  0.38070746  0.37787231  0.382408419  0.41331753  0.446599040
Q37  0.26914723  0.33436011  0.30032734  0.288709422  0.40333674  0.445299947
           Q28          Q29         Q30         Q31          Q32          Q33
Q10 0.39582638  0.350571467  0.55714003  0.41843114 -0.141493729 -0.063404310
Q11 0.44076010  0.352958213  0.41321983  0.29055440 -0.007501322  0.068728639
Q12 0.43680493  0.340731971  0.44317894  0.32395868 -0.013857375 -0.006726416
Q13 0.34970226  0.356998594  0.59011480  0.38484303 -0.030308700  0.045778245
Q14 0.33750463  0.255012723  0.52882098  0.36167313 -0.065538229  0.001877752
Q15 0.41752611  0.406214117  0.59682857  0.44886332 -0.034044094 -0.069187894
Q16 0.26187961  0.236153093  0.36964381  0.30045564  0.021536525  0.048178997
Q17 0.31181882  0.173541367  0.30896077  0.33385282  0.159715529  0.020359414
Q18 0.27409579  0.285564705  0.37663200  0.27920659  0.209171121  0.148354060
Q19 0.28175389  0.234484021  0.33994227  0.28632469  0.014334846 -0.062128388
Q20 0.23935170  0.235736834  0.32747313  0.35745710  0.054257004  0.007251540
Q21 0.27055655  0.269278602  0.40562327  0.34198124  0.112260587  0.037266460
Q22 0.34566118  0.328226677  0.58865682  0.41509853 -0.062062445 -0.056544312
Q23 0.37599475  0.431451993  0.59608662  0.42507499 -0.034943390  0.024669071
Q24 0.34415303  0.413815972  0.62028311  0.43668121 -0.077595136 -0.013385613
Q25 0.39704281  0.455372132  0.59509241  0.37220661 -0.054366095  0.005982242
Q26 0.52394678  0.518347228  0.67388687  0.60671334 -0.091029520 -0.121979547
Q27 0.43173485  0.464769422  0.64129329  0.48561577  0.054870654  0.081735685
Q28 1.00000000  0.516334228  0.48481359  0.42976382  0.126914440  0.017225970
Q29 0.51633423  1.000000000  0.65194978  0.41727076  0.033332153  0.003719206
Q30 0.48481359  0.651949776  1.00000000  0.58593938 -0.025183115 -0.012710771
Q31 0.42976382  0.417270760  0.58593938  1.00000000  0.091072233 -0.087941565
Q32 0.12691444  0.033332153 -0.02518311  0.09107223  1.000000000  0.509918609
Q33 0.01722597  0.003719206 -0.01271077 -0.08794156  0.509918609  1.000000000
Q34 0.02731485 -0.060422741 -0.10049653 -0.11085086  0.598492218  0.551245839
Q35 0.28239623  0.426320110  0.52427257  0.42456746 -0.070397203 -0.072293268
Q36 0.26881320  0.409722818  0.45965100  0.32422173  0.029420292  0.119053320
Q37 0.20092835  0.419805519  0.41975462  0.35214487  0.055210813  0.053531699
             Q34         Q35        Q36        Q37
Q10 -0.191352169  0.34168974 0.35498164 0.30753942
Q11 -0.038270427  0.24349513 0.35956254 0.22763163
Q12 -0.107255777  0.21104742 0.34477706 0.19769623
Q13 -0.099311808  0.34075144 0.38318926 0.28296324
Q14 -0.151386090  0.32856760 0.34326790 0.30917665
Q15 -0.207384064  0.42949231 0.34622365 0.34753290
Q16 -0.014462787  0.26694900 0.23119554 0.19498406
Q17  0.060884955  0.14979164 0.28116562 0.29376378
Q18 -0.002574706  0.19064469 0.18769772 0.14379191
Q19 -0.068537025  0.21883771 0.13151817 0.15017545
Q20 -0.111359965  0.16479253 0.14413814 0.14119979
Q21  0.017331988  0.29427002 0.27579309 0.26678340
Q22 -0.199693840  0.33739553 0.32795687 0.26914723
Q23 -0.126243855  0.39157155 0.38070746 0.33436011
Q24 -0.153544519  0.33727566 0.37787231 0.30032734
Q25 -0.156786790  0.32612024 0.38240842 0.28870942
Q26 -0.154727214  0.48570823 0.41331753 0.40333674
Q27 -0.009432967  0.44462903 0.44659904 0.44529995
Q28  0.027314849  0.28239623 0.26881320 0.20092835
Q29 -0.060422741  0.42632011 0.40972282 0.41980552
Q30 -0.100496527  0.52427257 0.45965100 0.41975462
Q31 -0.110850859  0.42456746 0.32422173 0.35214487
Q32  0.598492218 -0.07039720 0.02942029 0.05521081
Q33  0.551245839 -0.07229327 0.11905332 0.05353170
Q34  1.000000000 -0.10109713 0.00999937 0.01685944
Q35 -0.101097130  1.00000000 0.62829966 0.65633293
Q36  0.009999370  0.62829966 1.00000000 0.78165059
Q37  0.016859442  0.65633293 0.78165059 1.00000000