              Comp.1       Comp.2       Comp.3       Comp.4      Comp.5
  [1,] -3.053018e-01 -1.023752249 -0.912907330  0.523511897  0.22503600
  [2,]  1.902730e+00 -0.684956396  0.120466639  4.402202502 -2.69944688
  [3,] -4.176594e+00 -1.421478982  3.391663770 -0.220948051  1.95932980
  [4,]  4.971624e+00 -1.366970295 -0.738360311  1.784301193  1.14492406
  [5,] -3.259124e+00 -1.198873816 -2.025745846  0.482589731  0.29385600
  [6,]  7.599176e-01 -2.300523303 -1.017714532  0.097692677 -0.48979383
  [7,] -9.917982e-02  2.671634682 -1.168142312  1.118605562 -0.50123924
  [8,]  1.439320e+00  0.236713052 -0.428928092 -0.886982162  0.75781010
  [9,] -2.778082e+00 -0.756444487 -0.108418584 -0.378097760  0.92182440
 [10,]  2.579526e+00  0.906263231  0.523590029 -0.101019629 -0.36064627
 [11,]  1.127556e+00 -0.907110369 -0.014358539  1.090307921  0.60787140
 [12,] -6.097023e-01 -0.771184926  0.023278034 -1.026594014  0.83078645
 [13,] -3.758528e-01 -0.393680152  0.981662104 -2.616461966 -0.15439608
 [14,] -5.211365e-01  1.436452845  2.762855025  1.211629664  1.50268309
 [15,]  1.902730e+00 -0.684956396  0.120466639  4.402202502 -2.69944688
 [16,] -2.622939e-01  0.511523264 -1.248260911 -0.076622292 -0.68207682
 [17,]  4.941549e+00 -0.611070898  3.713634307  0.875919004  2.55451551
 [18,]  2.403780e+00 -0.110646351  1.479422348 -0.270694720  1.40943063
 [19,]  5.008112e-01  0.832681307  0.288312931 -1.269639720 -0.50896594
 [20,] -4.844931e-01 -1.172452701 -0.250336806 -1.668487899  1.47296922
 [21,] -1.836929e+00 -0.167274624 -3.373955364  2.315908273  1.02307553
 [22,]  2.094152e+00 -2.384493226 -0.693974266 -0.426893242  0.24530085
 [23,]  3.522845e+00  2.650114368 -0.621383429 -1.631661392 -1.47237488
 [24,]  1.439320e+00  0.236713052 -0.428928092 -0.886982162  0.75781010
 [25,] -1.252648e+00 -1.003933294 -0.461473949 -1.684043389  0.05735031
 [26,]  4.813616e-01 -0.460472049  0.346740360  0.138155888  0.37869869
 [27,] -1.727580e+00  4.311875507 -0.696029124  1.570892281 -1.06276781
 [28,]  1.345042e+00 -1.534401640  0.450152946 -0.606057075  0.23286994
 [29,] -4.487826e-03  0.175723264 -0.664801815  1.116970947  0.30246290
 [30,] -3.546784e-01 -1.560590298 -0.002792653  0.469776081  0.15179268
 [31,] -1.505038e+00  1.500629433 -0.974339475 -0.276337243 -0.71899002
 [32,] -2.413132e+00  1.924456237 -0.942035044  0.503789269 -1.81109916
 [33,] -4.601787e-01  0.583272070  0.289705326  0.140644568  1.77113135
 [34,]  9.582706e-01 -1.933197411 -1.318044060  0.767629453 -0.04280237
 [35,] -5.657417e+00 -0.486218428  0.626471057  0.575322831 -1.19932369
            Comp.6      Comp.7       Comp.8       Comp.9      Comp.10      Comp.11
  [1,]  0.70609211  0.73971951 -0.028789602 -0.430747443 -0.246657084 -1.382977847
  [2,] -0.29122273 -0.01446585  1.359616476  0.145200193  0.730189534  0.089889699
  [3,] -0.54519424  0.31891083 -0.052314482 -0.729257486 -0.121944203  0.123834686
  [4,] -0.54590496 -0.81761868 -0.530317910 -1.012713930 -0.419386671 -0.861265168
  [5,]  0.23065753 -1.00627152 -0.025678589  0.733734745 -0.670257855 -1.684671874
  [6,]  0.41872523  1.82121210  0.040266273  0.366833922 -0.220177447 -0.121061066
  [7,] -0.43080248 -0.08336842  0.336989909  0.255378014 -0.489257470 -0.018477632
  [8,]  0.87926849 -1.12180769  2.414780404  0.580973610 -0.822775099  1.415703152
  [9,]  0.40559587  0.21701058  0.115146734  0.107586546  0.197966660  0.150169458
 [10,]  0.80449894  1.44257223 -0.792977542  0.034907875 -0.343827277  1.384767648
 [11,]  0.10803775 -0.34526935 -0.141043410  0.523491829  0.127882662 -0.175068430
 [12,] -2.22744827  0.47916964 -0.265065434 -0.947731677 -1.168203501 -1.083796278
 [13,] -0.96837832  0.87491143 -1.301835174  0.157222233  0.116600867  0.377573112
 [14,]  0.72155479 -2.05151051 -1.113971265  0.498698376 -0.395626481 -2.515387942
 [15,] -0.29122273 -0.01446585  1.359616476  0.145200193  0.730189534  0.089889699
 [16,] -0.53812731  0.37339455  0.104978547 -0.340291369 -0.073813019 -1.276720478
 [17,] -0.49631683  0.76889941 -0.622205001 -0.264565398  0.515967114  0.748909636
 [18,]  0.21637720 -0.17524200 -0.422880880  0.363570865 -0.585144909  1.086538999
 [19,]  0.34633271 -0.67451945 -0.066075852  0.043685991 -0.135208520  0.818456813
 [20,] -1.02582162 -0.33691687  0.809642298  1.530036873 -0.221792442  1.355526800
 [21,] -0.85581661 -2.15206845 -1.318651023 -1.431442621 -0.895682741 -0.218825292
 [22,]  0.28648314  0.12952634  0.007410945 -0.156562670  0.051665507  0.070368498
 [23,] -0.23461846  0.03082772  0.747076899  1.312154208  0.163816889 -0.683257887
 [24,]  0.87926849 -1.12180769  2.414780404  0.580973610 -0.822775099  1.415703152
 [25,]  0.17032755 -0.33034757  0.197876979 -0.763076647  1.070981670 -0.661980041
 [26,] -0.22631830 -0.03863118 -0.837391300  0.228066756 -0.555980102 -0.751071879
 [27,] -1.47568069  1.61316031  0.374334874 -0.216144542  0.676011601 -0.611773906
 [28,]  0.35954043 -0.16892875 -0.532891853  0.064215800 -0.251511945 -0.292707341
 [29,] -0.36313952 -0.59124484  0.393775815 -0.207570219  0.403655569 -0.520031162
 [30,]  0.79567015  1.65337160 -0.111797170 -0.084761480 -0.263783311  1.059666291
 [31,] -0.54588210 -0.17656841  0.294794021  0.817113004 -0.074089795  0.304085116
 [32,] -0.33549060 -0.73810466 -0.964839721 -0.614661680  0.163834582 -1.289431511
 [33,] -1.50152947 -0.09796082  0.579397077  1.126691965 -0.229882159  0.524429896
 [34,]  0.07373150  0.05884447 -0.084359318 -1.306833725 -0.426293906  0.449467173
 [35,]  0.81029425 -0.57788439 -1.332029680 -0.180575244  0.075878189  0.762075844
            Comp.12       Comp.13       Comp.14      Comp.15       Comp.16
  [1,] -1.024118220  0.0828632134 -0.1468306424 -0.176616235  0.3343420249
  [2,] -0.283579369 -0.7362041609  0.0561669584  1.062658636 -0.4451563278
  [3,] -0.312362520 -0.4980343765  0.9657862827  0.326248213  0.0354611793
  [4,]  1.119841300 -1.0230000623 -1.0319419665  0.493290221  0.6432387914
  [5,]  0.577316590  0.0032222454  0.1993177970  0.323974891  0.7002373162
  [6,] -0.067516836  1.0557792672 -0.3603223038 -0.708415841  0.4076472710
  [7,]  0.643478496  0.6566619748  0.6843598895  0.850013277  0.9467172329
  [8,] -0.606135796 -0.0426086176  0.7736265035  0.042133106  1.0660592756
  [9,] -0.510519138 -0.0528064836 -0.5657676964  0.316045988 -0.3349678747
 [10,]  0.217040142 -0.6319487976 -1.2415428349  0.066989682 -0.5495989864
 [11,] -1.099743895 -0.5553435681  0.2462099446  0.237350645  0.7060367750
 [12,] -0.661033005 -0.2894537751 -0.1981540645  0.354992855 -1.0652736900
 [13,] -0.761539825 -0.5477136836 -0.9404652662 -0.082749623 -1.1927843360
 [14,] -0.484407308 -0.1453379828 -1.2089188564  0.097544951 -0.6980976449
 [15,] -0.283579369 -0.7362041609  0.0561669584  1.062658636 -0.4451563278
 [16,] -0.423774530 -0.4821457028 -0.2524638064 -0.868552062  0.2037539095
 [17,] -1.276669963 -3.0742721513  0.7028728164 -0.792995736  0.7819229319
 [18,] -0.519991154 -1.0231880349  0.3420498670 -0.491365889 -1.8426163404
 [19,]  0.237082958  0.0232024595 -0.9558010963  0.347557585  0.3559543928
 [20,]  1.190180620 -0.1904696353 -0.3900847065 -1.380397296  0.5925898929
 [21,]  0.317584369 -0.0598742743  0.1031052708 -0.669393976  1.1802315276
 [22,] -0.020425727 -0.0679231330 -0.0672336197 -0.428436515 -0.3580978309
 [23,]  0.055312879 -0.2738557837 -0.5599935804 -0.170593248 -1.0054610681
 [24,] -0.606135796 -0.0426086176  0.7736265035  0.042133106  1.0660592756
 [25,] -0.865743306  0.5045534527  0.3197008581  0.229269943 -0.4765348056
 [26,] -0.118353715 -1.0317440502 -0.5207026229 -0.111467233  0.7333030869
 [27,]  1.551366625  0.5082765970 -0.0692538757 -1.306570694 -0.7203997681
 [28,]  0.363603808  0.8322356875 -0.3096913742 -0.078001598  0.2915411107
 [29,]  0.909235527  0.4370493134  0.0842614455 -0.893848861 -0.3302939906
 [30,]  1.451731585  0.3163306084  0.3281561669  0.753997302  0.1283858919
 [31,]  0.919448882  0.7275314106 -0.2705404846  0.737586877  0.1814484150
 [32,] -0.069409480  0.3971862147  0.8681832850 -0.577715401 -0.1040547600
 [33,] -0.009616865 -0.9267885941  0.6731365459  0.529092503 -0.6401502191
 [34,]  0.542931399 -0.3755909651  0.3093184881  0.136591281 -0.0758264814
 [35,]  0.950467396  0.1505719001 -0.3682029370  0.526109758  0.7053510392
            Comp.17      Comp.18       Comp.19       Comp.20       Comp.21
  [1,] -0.280521235 -0.619962051  0.8353398110  0.5489854913  0.1185459619
  [2,] -0.810158022  0.726574363 -0.0333041352  0.0794306230 -0.6862716583
  [3,] -0.196023942 -0.227668248  0.0363434534 -0.0535591756  0.0079116412
  [4,]  1.342431089 -0.769674470 -0.3099571008 -0.3548233721  1.0968976769
  [5,] -0.206034105  0.309319511  0.2360765480 -0.5267200916 -0.2229247756
  [6,] -0.551313779  0.642992988 -0.4785401770 -1.0288621731  0.4806288860
  [7,] -1.222876290  0.401119604 -0.2796257536 -0.2732338913  0.9590257023
  [8,]  0.675185557 -0.714604939 -0.1256232013  0.2993735949 -0.9198189828
  [9,]  0.089993291 -0.296743320 -0.0982532187 -0.2294351323  0.0490378627
 [10,] -0.206416159  0.021591144 -0.6312327443  0.3571257682  0.6603430765
 [11,]  0.843271524 -0.103752030  0.3328315791  0.3026674159  0.2807935762
 [12,] -0.588327726 -0.054660283  0.3735533525 -0.2812982436 -0.8923354928
 [13,]  0.071834547  1.685130605  0.9722308023  0.1912999238 -0.3008167611
 [14,]  0.970730818  0.083300043  0.9041851021 -0.2698835636 -0.3611025623
 [15,] -0.810158022  0.726574363 -0.0333041352  0.0794306230 -0.6862716583
 [16,] -0.700765435  0.099306623 -0.2060922013 -1.1871580254  0.3653768221
 [17,] -0.501129699  0.105134708 -0.3514886623 -1.1581329595  0.3523523600
 [18,] -0.522455226  0.544947067  0.9085911001  0.6596906536  1.3826222811
 [19,]  0.210455362 -0.003041708  0.3083592177 -0.4946881204 -0.2982626689
 [20,]  0.389667658 -0.304383932 -0.0924981989  0.7495720957 -0.7616284193
 [21,]  1.422619111 -0.380792073  0.5394737480  0.6129721904 -0.9322822639
 [22,]  0.298851434 -0.483918148 -0.0854935459 -0.0863082216  0.4605154604
 [23,]  0.751409148 -0.192658179  0.0892668652 -0.2070792596 -0.1027714407
 [24,]  0.675185557 -0.714604939 -0.1256232013  0.2993735949 -0.9198189828
 [25,] -0.004042334  0.104281550  0.4156129054  0.4256144127  0.2942645903
 [26,]  0.210320981  0.106882679 -0.1171602132 -0.0319429709  0.3329709080
 [27,]  0.630241637 -0.298027560 -0.1405641359  0.5868656427  0.5007147860
 [28,]  0.124950290 -0.124279370 -0.0734251728  0.2802213109  0.1870780115
 [29,]  0.692672960  0.272747666  0.4582067506  0.1061897666  0.7715945291
 [30,] -0.836796795 -0.997070978  1.4962031584 -1.9955728545 -0.6255393083
 [31,] -1.125728420 -0.157266975  0.3184113371 -0.9201775423 -0.0778139667
 [32,]  0.761011229  0.235842385 -0.6883027274 -0.0780817691 -0.7312137319
 [33,]  0.507452153  0.548285331  0.3912079256 -0.2751613702 -1.0600031890
 [34,]  0.373068020 -0.542557884  0.0939518100  0.2767122375 -0.3749762479
 [35,]  0.284450975 -1.307758986  0.6228376900 -0.4408934103 -0.6684988766
             Comp.22      Comp.23      Comp.24      Comp.25      Comp.26
  [1,]  0.0509803882  0.970793339 -0.097838222 -0.237836663  0.097056974
  [2,] -0.1357183733  0.152459383  0.185937598 -0.465358906 -0.281026765
  [3,] -0.1260119190  0.234809331 -0.138779520 -0.015902591 -0.217590531
  [4,] -0.1211925628 -0.149827079  0.369796235  0.231814554 -0.296731338
  [5,] -0.1984274044 -0.414087172  0.089282985  0.205788461 -0.553993077
  [6,]  0.1643767072 -0.021463967  0.025918165  0.269749141  0.103505520
  [7,] -0.1503537478 -0.064074425 -0.054507868  0.425134956 -0.239828029
  [8,]  0.5260485960  0.143666200  0.670597399 -0.365308997  0.590639894
  [9,]  0.2275061986 -0.113220474 -0.102664734 -0.182280211 -0.099768238
 [10,]  0.7356954584  0.537479985 -0.303871018 -0.502208885  0.399353932
 [11,] -0.4362121033  0.631175477  0.102426862 -0.309583617 -0.163823849
 [12,]  0.2358555694 -0.436614152 -0.036893440 -0.347890816  0.021134668
 [13,] -0.0165393701  0.303223738 -0.078808825 -0.460533567  0.312688772
 [14,] -0.1667079711  0.099062805 -0.314105050 -0.476870254  0.282775228
 [15,] -0.1357183733  0.152459383  0.185937598 -0.465358906 -0.281026765
 [16,] -0.3337919839 -0.304777434  0.208198933  0.123291920 -0.192103534
 [17,] -0.7198079797  0.027456239 -0.423405009 -0.352828853 -0.520035332
 [18,]  0.3031756915 -0.441253897  1.167887660 -0.760862710  0.233461032
 [19,] -0.0980350406 -0.444171069 -0.184168338  0.245575667 -0.315422383
 [20,] -0.0311231460 -0.055049842 -0.290957353 -0.097307080 -0.367903503
 [21,]  1.1443258325 -0.324810745  0.346381103 -0.881505452  0.116846235
 [22,]  0.5792919304 -0.141508258 -0.395551223  0.451977401  0.310169352
 [23,]  0.5777461144 -0.303171355  0.392104038 -0.262926477 -0.274623474
 [24,]  0.5260485960  0.143666200  0.670597399 -0.365308997  0.590639894
 [25,] -0.2831824808 -0.008298062 -0.455082379  0.139630875  0.275476080
 [26,] -0.1581081036  0.459679441 -0.187347446 -0.587048073  0.257289700
 [27,] -0.4353715631 -0.562164534  0.071311586  0.007915618 -0.427857078
 [28,] -0.3177990699  0.058413669 -0.325884631 -0.427248319  0.372925491
 [29,] -0.3115266728 -0.167522739 -0.286786710 -0.181986128  0.111710709
 [30,]  0.2591210496  0.003794679 -0.027762415 -0.328779864  0.477865379
 [31,]  0.1237280602  0.418820541  0.142832465  0.350316471  0.009512168
 [32,] -0.2768660261 -0.156666162  0.494308824 -0.253192808 -0.025221636
 [33,] -0.0290332368  0.496623524  0.733615821 -0.327697059  0.036427169
 [34,]  0.1737491522  0.229602024  0.054823812 -0.054659284  0.106004365
 [35,]  0.7707240678 -0.794028729  0.149107981 -0.642942984  0.056078821
             Comp.27      Comp.28
  [1,] -0.2130389120 -0.308420282
  [2,] -0.5340218720 -0.060119660
  [3,] -0.0166477091  0.094926449
  [4,]  0.3218320982  0.128381696
  [5,]  0.3799485007  0.114435106
  [6,] -0.3610990092 -0.407072025
  [7,] -0.3043762572 -0.618378653
  [8,]  0.0230507357 -0.188250798
  [9,] -0.0005848773  0.049610883
 [10,]  0.8454424556  0.331821576
 [11,]  0.5287099943  0.103339165
 [12,]  0.1308679155  0.108406115
 [13,] -0.7874646263  0.188206647
 [14,]  0.0631341118 -0.392248454
 [15,] -0.5340218720 -0.060119660
 [16,] -0.0740287411  0.184412751
 [17,]  0.0036853342 -0.228124933
 [18,] -0.9551224500 -0.053427476
 [19,] -0.1189376450  0.580983538
 [20,]  0.3382063491 -0.575588594
 [21,] -1.1524358885  0.211893445
 [22,] -0.1346439023  0.071383691
 [23,]  0.1382579114 -0.661068203
 [24,]  0.0230507357 -0.188250798
 [25,] -0.4642694613 -0.103160859
 [26,]  0.1732054937 -0.627348026
 [27,]  0.0016597069 -0.045114560
 [28,]  0.0375211590 -0.029685275
 [29,]  0.1913382891 -0.111301472
 [30,]  0.0913131830  0.253567756
 [31,] -0.0906489661  0.412327651
 [32,]  0.1212390029  0.296979520
 [33,]  0.2059796874  0.286787332
 [34,] -0.4015126647  0.015571110
 [35,] -0.9073124439 -0.123462919
 [ reached getOption("max.print") -- omitted 165 rows ]