Loadings:
    Comp.1 Comp.2 Comp.3 Comp.4 Comp.5 Comp.6 Comp.7 Comp.8 Comp.9 Comp.10 Comp.11
Q10  0.223  0.112         0.230                0.133         0.189  0.148   0.251 
Q11  0.209         0.132  0.268         0.404 -0.236  0.125         0.102   0.124 
Q12  0.212         0.140  0.298         0.425 -0.140                              
Q13  0.230                0.289                      -0.247 -0.221         -0.143 
Q14  0.221                0.190 -0.133               -0.417 -0.237         -0.122 
Q15  0.233                                     0.161 -0.185 -0.263 -0.219  -0.172 
Q16  0.157                      -0.137         0.642  0.245 -0.287  0.160   0.228 
Q17  0.154 -0.199        -0.266         0.327  0.220 -0.175  0.464 -0.347         
Q18  0.178 -0.238  0.193 -0.130                0.187  0.274  0.139  0.241  -0.501 
Q19  0.158 -0.127  0.230 -0.416         0.155 -0.201                0.299         
Q20  0.156         0.214 -0.317               -0.462 -0.247 -0.241  0.123         
Q21  0.188 -0.166  0.148 -0.266 -0.161                      -0.203          0.368 
Q22  0.238         0.160               -0.301                0.191 -0.137         
Q23  0.248         0.105        -0.105 -0.244         0.148  0.118 -0.217         
Q24  0.245         0.105  0.104        -0.290                0.173                
Q25  0.239         0.105  0.119        -0.243 -0.144  0.225  0.114 -0.191   0.131 
Q26  0.214  0.136 -0.188         0.285               -0.188  0.218  0.140         
Q27  0.203        -0.229         0.173 -0.118        -0.151  0.268  0.479         
Q28  0.166        -0.114         0.487  0.222         0.135 -0.139 -0.305   0.245 
Q29  0.172        -0.248         0.281        -0.138  0.451 -0.258 -0.122  -0.249 
Q30  0.231        -0.170         0.172 -0.174               -0.111         -0.140 
Q31  0.180        -0.158 -0.202  0.292         0.122 -0.290                       
Q32        -0.533 -0.132         0.129               -0.139        -0.201  -0.186 
Q33        -0.480 -0.129  0.255        -0.190                       0.240  -0.140 
Q34        -0.509 -0.174  0.142                                             0.405 
Q35  0.161  0.117 -0.351 -0.185 -0.232                      -0.194  0.134         
Q36  0.162        -0.374        -0.368  0.192 -0.158                              
Q37  0.146        -0.416 -0.151 -0.366  0.138 -0.108                              
    Comp.12 Comp.13 Comp.14 Comp.15 Comp.16 Comp.17 Comp.18 Comp.19 Comp.20
Q10                  0.131   0.120   0.571   0.100   0.132   0.192   0.319 
Q11  0.193                                          -0.159                 
Q12  0.195                          -0.107                  -0.113  -0.146 
Q13                  0.185          -0.105  -0.244                         
Q14 -0.204          -0.125          -0.140           0.351   0.271   0.115 
Q15 -0.210   0.115          -0.104   0.355   0.292  -0.277  -0.129  -0.334 
Q16  0.120  -0.316                  -0.229   0.324                         
Q17 -0.223  -0.238   0.148  -0.141                  -0.146           0.255 
Q18          0.191  -0.135   0.126  -0.118  -0.191           0.275         
Q19 -0.165   0.200          -0.274   0.222   0.147   0.258  -0.140  -0.241 
Q20         -0.314                  -0.148   0.238           0.120   0.305 
Q21          0.117   0.270   0.439          -0.509  -0.137          -0.125 
Q22                 -0.229          -0.228           0.158  -0.118  -0.123 
Q23                         -0.158                  -0.137   0.242  -0.126 
Q24                                          0.127          -0.101  -0.217 
Q25                                          0.139  -0.120           0.310 
Q26 -0.135                          -0.259          -0.410          -0.101 
Q27 -0.205                   0.320           0.127                         
Q28 -0.189          -0.544   0.147          -0.153   0.210                 
Q29 -0.154           0.415                                   0.253         
Q30 -0.120           0.258  -0.266          -0.116   0.336  -0.450   0.322 
Q31  0.661  -0.177          -0.185   0.144  -0.200   0.129   0.179  -0.181 
Q32  0.303   0.306           0.325           0.305          -0.298   0.115 
Q33 -0.141  -0.467  -0.220  -0.160   0.345  -0.236  -0.129                 
Q34 -0.116   0.242   0.221  -0.372  -0.253                   0.266         
Q35          0.389  -0.304  -0.275          -0.107  -0.350           0.344 
Q36         -0.191           0.115  -0.106           0.211  -0.317         
Q37                          0.150           0.205   0.167   0.289  -0.186 
    Comp.21 Comp.22 Comp.23 Comp.24 Comp.25 Comp.26 Comp.27 Comp.28
Q10  0.161   0.249   0.218           0.209                   0.141 
Q11         -0.375  -0.140  -0.175                           0.572 
Q12                  0.332                                  -0.638 
Q13  0.243   0.326  -0.240   0.164  -0.448           0.355         
Q14         -0.210  -0.224           0.329          -0.356         
Q15 -0.403                  -0.151   0.120           0.135   0.116 
Q16  0.120                                                         
Q17         -0.197           0.203                                 
Q18 -0.298   0.200          -0.118           0.217           0.106 
Q19  0.277   0.109  -0.296                                         
Q20 -0.118   0.173   0.268   0.134                   0.126         
Q21         -0.113                                  -0.119         
Q22  0.262  -0.177   0.221           0.321  -0.113   0.561         
Q23  0.130   0.113   0.282          -0.329  -0.446  -0.444   0.111 
Q24 -0.160  -0.105  -0.104   0.538           0.551  -0.185         
Q25 -0.199          -0.484  -0.373  -0.103                  -0.360 
Q26  0.265   0.312          -0.304   0.195   0.273  -0.213         
Q27 -0.227  -0.237           0.202  -0.223  -0.353   0.125         
Q28                                 -0.170                         
Q29  0.188                   0.189   0.261  -0.116                 
Q30 -0.112  -0.136   0.294  -0.228  -0.153          -0.161         
Q31 -0.119          -0.167                                         
Q32  0.267                                          -0.103         
Q33  0.124                                                         
Q34 -0.247   0.137                   0.107           0.107         
Q35         -0.166           0.235                          -0.105 
Q36 -0.200   0.436  -0.104   0.126   0.233  -0.249           0.122 
Q37  0.142  -0.179   0.156  -0.306  -0.317   0.320                 

               Comp.1 Comp.2 Comp.3 Comp.4 Comp.5 Comp.6 Comp.7 Comp.8 Comp.9
SS loadings     1.000  1.000  1.000  1.000  1.000  1.000  1.000  1.000  1.000
Proportion Var  0.036  0.036  0.036  0.036  0.036  0.036  0.036  0.036  0.036
Cumulative Var  0.036  0.071  0.107  0.143  0.179  0.214  0.250  0.286  0.321
               Comp.10 Comp.11 Comp.12 Comp.13 Comp.14 Comp.15 Comp.16 Comp.17
SS loadings      1.000   1.000   1.000   1.000   1.000   1.000   1.000   1.000
Proportion Var   0.036   0.036   0.036   0.036   0.036   0.036   0.036   0.036
Cumulative Var   0.357   0.393   0.429   0.464   0.500   0.536   0.571   0.607
               Comp.18 Comp.19 Comp.20 Comp.21 Comp.22 Comp.23 Comp.24 Comp.25
SS loadings      1.000   1.000   1.000   1.000   1.000   1.000   1.000   1.000
Proportion Var   0.036   0.036   0.036   0.036   0.036   0.036   0.036   0.036
Cumulative Var   0.643   0.679   0.714   0.750   0.786   0.821   0.857   0.893
               Comp.26 Comp.27 Comp.28
SS loadings      1.000   1.000   1.000
Proportion Var   0.036   0.036   0.036
Cumulative Var   0.929   0.964   1.000