             Comp.1       Comp.2        Comp.3        Comp.4       Comp.5
  [1,]  0.548260467  1.346716930  0.9001641317  0.2904052554 -0.505550246
  [2,] -1.935671900 -0.110693922  0.0061827047  1.9610058302  5.088620387
  [3,]  4.536219238  2.038225092 -3.0634005065  0.8639366346 -1.078573945
  [4,] -5.512317104  0.749542440  0.9404660685  1.5208420145  0.916305615
  [5,]  3.998108286  1.286252445  2.4755113437  0.3485408787  0.085785843
  [6,]  0.008891955  2.791138663  1.7595382113 -0.0783594416  0.539012220
  [7,]  0.115573854 -2.772069794  0.8645501383 -0.0450813953  0.848499596
  [8,] -1.172772101 -0.483100178  0.5005739660 -1.3985251309  0.151141217
  [9,]  3.245092054  0.571556773  0.4535324907  0.0449921498 -0.487424034
 [10,] -2.920111030 -0.736955739 -1.0207845888 -0.7183052267 -0.140320940
 [11,] -1.400129917  0.644683708  0.3103184813  1.3682546325 -0.074809958
 [12,]  0.383744580  0.029294667  0.4943773099  0.3350051039 -0.534256261
 [13,]  0.576773177  1.277259345 -1.0393620023 -1.5735027536 -1.258579994
 [14,] -0.141618089 -0.940628157 -3.4098010372  1.1013636446 -0.797364139
 [15,] -1.935671900 -0.110693922  0.0061827047  1.9610058302  5.088620387
 [16,]  0.162985330 -1.392976972  1.2602028884 -0.1900104309  0.801374842
 [17,] -5.719410601  0.983262359 -3.9361891025  1.1411026383 -0.800423614
 [18,] -2.490043500  0.167782444 -1.6665183100 -0.7712567822 -0.169530444
 [19,]  1.100043720  0.074831724 -0.2084039557 -3.9911299500  1.350547425
 [20,]  0.266335854  0.946558780  0.2455982777 -0.0825500099 -2.208114948
 [21,]  1.764595664 -1.639908136  3.2302502667  1.6921150036  1.062393636
 [22,] -2.413607256  1.540761897  0.8923716058  0.2327606862 -0.641780607
 [23,] -3.068782566 -1.791119190  0.1359280529 -3.4808704517  0.665655962
 [24,] -1.172772101 -0.483100178  0.5005739660 -1.3985251309  0.151141217
 [25,]  1.901064135  1.670286865  0.6492637567 -1.3733494331 -0.985553332
 [26,] -0.452111211  0.561199288 -0.2989773457  0.0246125631  0.009010991
 [27,]  1.338220931 -4.534239884 -0.1121036214  0.7720148341  1.246912197
             Comp.6       Comp.7      Comp.8       Comp.9      Comp.10
  [1,]  1.205915552 -0.391137998  0.15082582 -0.853263437 -0.261624884
  [2,]  0.423681259 -0.555881805 -1.52501323 -0.865024888 -0.026032757
  [3,] -1.205597072 -0.139617848  1.53820110 -0.245371886 -0.369917796
  [4,] -0.729478029 -1.375128946  0.80717487  0.727883091 -0.580894222
  [5,]  0.713720774 -0.337390406  1.01212407  0.722801330  0.080700360
  [6,]  0.514300188  1.143906207  0.95398358 -1.578605970  0.534260316
  [7,]  1.172283352  0.542028246  0.93367546  0.116151041 -0.152014920
  [8,] -1.177703283 -1.791573567 -0.28709268 -0.810085938 -0.693038916
  [9,] -0.619869801 -0.328411268  0.46618090 -0.513127378  0.298823178
 [10,]  0.741485640 -0.487200227 -0.94288854 -1.410821739  0.840029138
 [11,] -0.058613592 -1.087322377 -0.07125874  0.164022908  0.487182035
 [12,] -2.232088944  1.435665164  1.28908320  0.417888686 -0.059339336
 [13,] -0.791421199  1.788634106 -0.10306949  0.625340246  1.115144448
 [14,]  0.946127058 -2.188388396  0.46468755  1.843133870 -0.294198506
 [15,]  0.423681259 -0.555881805 -1.52501323 -0.865024888 -0.026032757
 [16,] -0.585985419  0.809170471 -0.08607445 -0.195380132 -0.331079699
 [17,] -1.356722503 -2.051055122  0.72967040 -0.777053938  0.144747725
 [18,] -1.039494470 -1.923572855  0.41194124 -0.394990570  0.335204657
 [19,] -0.158577324 -1.247088960  0.38369469 -0.030333658  0.269255423
 [20,] -1.633363086 -0.463057092 -0.61282846  0.514632866  0.209400959
 [21,] -0.432852344 -1.537948850  1.33153088  2.365819478 -2.353203286
 [22,] -0.960360779 -0.816972318 -1.21727834 -0.541993729 -0.679040579
 [23,]  0.486669202  0.185386344 -1.06995464 -0.298103080  1.002403806
 [24,] -1.177703283 -1.791573567 -0.28709268 -0.810085938 -0.693038916
 [25,] -0.092335121  0.215764211 -0.04867491  0.095286667 -0.608162752
 [26,] -0.119427552 -0.478400666  0.34730943  0.200589110  0.218288578
 [27,]  1.036384601  2.077220269  0.83491718 -0.310513297 -0.121713299
            Comp.11      Comp.12      Comp.13      Comp.14     Comp.15
  [1,] -1.047393545 -0.434323907 -0.574935293 -0.932607044 -0.03467958
  [2,]  0.126266030 -0.067638051 -0.026837934 -0.588267100 -0.25056579
  [3,] -0.323427955  0.132829216 -0.261800094 -0.428660962 -0.51760177
  [4,] -0.608360717  0.724686837  0.115485411 -0.203842603  1.55291498
  [5,]  0.375128198 -1.359640972 -1.180184803  0.682388796  0.69145147
  [6,] -0.060820420 -0.487867589  0.005228964  0.340216889 -0.17845417
  [7,]  0.229391876 -1.027637157 -0.364058849  0.247358295 -0.13500919
  [8,]  1.936020880 -0.975264000  0.323118129  0.788410646 -1.72367716
  [9,]  0.352251057  0.322269722 -0.227866902  0.140343854 -0.23082197
 [10,] -1.500976664  0.558994243  1.485771365 -0.731333551 -0.26438581
 [11,] -0.536716879 -0.869533392 -0.879681860 -0.487060904 -0.73988328
 [12,] -0.380336425 -0.510017327 -0.661464444 -0.914420910 -0.42116534
 [13,] -0.476771459  1.152009330  1.810916574  0.132198469 -0.18905068
 [14,] -0.711332979 -0.405107863 -0.917598943  0.169777616  1.43367259
 [15,]  0.126266030 -0.067638051 -0.026837934 -0.588267100 -0.25056579
 [16,] -0.157582662  0.067397321 -0.423046004 -0.235118414  0.45670485
 [17,] -2.614946929  0.164849894  0.810718941 -1.805288763 -0.92266770
 [18,] -1.397090846 -0.038898213  0.884163219 -0.056116594 -1.42447880
 [19,] -0.388404357  0.378732397  0.481496994  0.278205103  0.04959968
 [20,]  0.218376903 -1.388421836  1.663561301 -0.067578874  0.61733107
 [21,] -1.587518957  1.069143567  0.070983976  1.297990152  0.47934691
 [22,] -1.179955975  0.101009991 -0.270929393 -0.220708502  0.13038701
 [23,]  0.438717511 -1.147283755  0.409178156 -0.767063264  0.71377794
 [24,]  1.936020880 -0.975264000  0.323118129  0.788410646 -1.72367716
 [25,]  0.266308781  0.484635580 -0.959594728 -0.791672314 -0.23957864
 [26,] -1.202247077 -0.454928630  0.015069132 -0.321318460  0.35711806
 [27,]  0.303066712 -0.179338676  0.871350247 -0.622453920  2.00746374
            Comp.16      Comp.17       Comp.18       Comp.19      Comp.20
  [1,]  1.457176526  0.257718994 -0.3909553209 -1.0129374897 -1.038086487
  [2,]  0.241437066  0.704757602  0.7641753904 -0.6488707520 -0.368276841
  [3,] -0.452804227  0.333905209  0.1749479425 -0.0742787403 -0.364848152
  [4,] -0.566005177 -0.871363331  1.1849664656  0.5233057925 -0.368814393
  [5,]  0.382922021  0.711546935  0.5295963179 -0.1899330010 -0.903262676
  [6,]  0.551626704  0.262792180 -0.9662829219  0.4092892358 -0.064223843
  [7,] -0.467106590  0.672418302 -0.6691185005 -0.9967758667 -1.579511413
  [8,] -0.784515760 -0.099951981  0.1518086956  1.3318841222 -0.408182664
  [9,]  0.249385241 -0.870474120  0.3915756828  0.2340615066  0.567938402
 [10,] -0.928905638 -0.614584338  0.2311971110 -0.7252939544  0.142727171
 [11,]  0.019460155 -0.433925493  0.1924739730  0.8932014662 -0.621878137
 [12,] -0.138936886 -0.914168901  1.5772148301 -0.6203247149  0.107139215
 [13,]  1.643246325  0.647622022  0.9801854668 -0.4621418104  0.907327488
 [14,]  1.697542357 -1.239745754  1.1341234401 -0.4349887308  0.878093319
 [15,]  0.241437066  0.704757602  0.7641753904 -0.6488707520 -0.368276841
 [16,]  0.747465791 -0.042189894  0.7965466192  0.8459864917  0.113260161
 [17,] -0.459253144  1.435506943  0.8614701703  1.4565655127 -0.926714619
 [18,] -0.542352834  1.350859511  0.5176744766 -0.9550891497  1.005542959
 [19,] -0.245856294 -0.851202196 -0.6278182497  0.3986999799 -0.129538704
 [20,] -0.911692313  0.417322412 -1.2310623747  0.2619373221 -0.007854978
 [21,] -0.274635340 -0.708594003 -0.4595346724  1.3000673351  0.033018190
 [22,] -0.541103537 -0.700385313 -0.5074652038 -0.1903393838  0.437562825
 [23,]  0.622207246  0.115824192  0.5294810382 -0.3042774748  1.168726941
 [24,] -0.784515760 -0.099951981  0.1518086956  1.3318841222 -0.408182664
 [25,]  0.932821473  0.288669419 -0.3570227492 -0.2849070010  0.356187837
 [26,] -0.001529012 -0.141146194  0.9887288729  0.6349027372 -0.532078472
 [27,]  0.095285564  0.852416058 -1.0358071751  0.1919639165  1.313585028
            Comp.21      Comp.22       Comp.23      Comp.24      Comp.25
  [1,] -0.024256657  0.056612187  6.077679e-01 -0.933219970  0.633601826
  [2,]  0.313651645 -0.304149512 -4.909851e-01  0.534099722 -0.210134281
  [3,]  0.736551468 -0.334148127  3.699918e-01  0.295879062  0.037597431
  [4,] -0.241611005 -0.343881821 -2.454551e-01 -0.628171510  0.903433255
  [5,] -0.374043325 -0.020430140 -3.083556e-01 -0.318287520 -0.474927428
  [6,] -0.893768365  0.552812105 -8.381772e-01  0.525238472 -0.755058640
  [7,] -0.480907024 -0.321119376 -3.894798e-01  0.729920998 -0.292704179
  [8,]  0.094315002 -0.212037705  3.792630e-01 -0.509276401  1.037442557
  [9,] -0.135156723 -0.476325925  4.984119e-01  0.176140495 -0.365877521
 [10,] -0.834959084  0.239506346 -5.197153e-01 -0.072577160  0.473327018
 [11,]  0.536961132 -0.773544396 -1.686574e-01 -0.838708318  0.175823853
 [12,]  0.399262151  1.067568850 -4.546051e-02 -0.232515959 -0.381033681
 [13,]  0.343900169  0.406108343 -8.022375e-01 -0.615454926 -0.709114401
 [14,]  0.344301288  0.282969818  2.808706e-01 -0.884026364 -0.297862551
 [15,]  0.313651645 -0.304149512 -4.909851e-01  0.534099722 -0.210134281
 [16,] -0.146390346  1.404468869  3.847843e-01  0.528667838 -0.818316391
 [17,]  0.630819467  0.122007434  2.443801e-01  0.536390439 -0.832600769
 [18,] -0.123845704  1.048183806 -6.470877e-01 -1.008336843  0.380695800
 [19,] -0.258020884 -0.702637340  1.008834e-01 -0.064607698 -0.562418283
 [20,] -0.877734050 -0.244622168  4.982000e-01 -0.633580592  0.097118427
 [21,] -0.223012370  0.817866554  3.440040e-01 -1.166610550  0.937424777
 [22,] -0.052994407  0.388935347  3.388149e-01 -0.313393284  0.047950626
 [23,]  0.351077880 -0.347501702  7.322899e-02 -0.428887120  0.657754192
 [24,]  0.094315002 -0.212037705  3.792630e-01 -0.509276401  1.037442557
 [25,]  0.486152730 -0.505795656 -1.329600e-01  0.211094459  0.207115398
 [26,] -0.328352878  0.360609241 -3.283458e-01 -0.300591480  0.331656524
 [27,] -0.039217680  0.078246506 -1.943239e-01  0.234386355  0.798003370
             Comp.26      Comp.27      Comp.28       Comp.29      Comp.30
  [1,] -0.2364302429  0.065231900  0.310225991 -1.0259841743  0.251214508
  [2,]  0.5374448250  0.162279391 -0.513545180 -0.5687094115 -0.167957373
  [3,]  0.0382875423 -0.145779955 -0.020269879  0.0056975477  0.006199639
  [4,] -1.3242100179  0.032136142  0.728014642  0.2740654319 -0.393786162
  [5,] -0.3459990034  0.114114474 -0.350421093 -0.2414598660 -0.307937886
  [6,] -0.9440067633 -0.095981032 -0.147754110 -0.0945795771  0.333075313
  [7,] -0.7980266318 -0.372806403 -0.373021572  0.5549774833 -0.170713312
  [8,]  0.4601890737 -0.311381578 -0.099500673 -0.6599872810 -0.360459809
  [9,]  0.1120540591 -0.328517471  0.108284047  0.3959908544  0.140650546
 [10,] -0.2943022013 -0.753086185  0.291161976 -0.0875418054  0.187900492
 [11,]  0.1170973683  0.160053904  0.495189097 -0.0673740076 -0.177648283
 [12,]  0.4029580568  0.844262682 -0.252003889 -0.5131719428  0.273400079
 [13,]  0.3492160960  0.541768090 -0.295297106 -0.4269642833  0.313856891
 [14,] -0.0989023203  0.106180803 -0.214477464 -0.5537003902 -0.437206690
 [15,]  0.5374448250  0.162279391 -0.513545180 -0.5687094115 -0.167957373
 [16,] -0.6835721315  0.228451208  0.515714049  0.2804585308 -0.225483398
 [17,] -0.6169649950  0.016057942  0.392441278 -0.1975001498 -0.375684768
 [18,] -0.8319028198  1.652859711  0.168626093  0.3396848947  0.435902820
 [19,]  0.0097118908  0.021866006 -0.605248989  0.1246716813  0.078113265
 [20,]  0.9800777005 -0.491528560 -0.025270960 -0.3284190182 -0.255728319
 [21,]  0.3818812802  0.108784059 -0.906366714 -0.8714871021  0.388751041
 [22,] -0.3116410938 -0.372948731  0.118104109  0.4224068451  0.516964065
 [23,] -0.4601682670 -0.596008468 -0.379898564 -0.2187200606 -0.459692567
 [24,]  0.4601890737 -0.311381578 -0.099500673 -0.6599872810 -0.360459809
 [25,]  0.0090924879  0.397802254 -0.538599910  0.3752645402  0.151610634
 [26,] -0.4050522803 -0.137153831  0.088718625 -0.3756157296 -0.484576631
 [27,] -0.2395313790  0.760126505 -0.012788672  0.4262699299 -0.094957676
            Comp.31      Comp.32      Comp.33      Comp.34      Comp.35
  [1,]  0.020387471  0.195776919 -0.214605592  0.014404981 -0.141229070
  [2,] -0.319176620 -0.078272433  0.247085700  0.055969623 -0.459300181
  [3,] -0.203835384  0.023190923  0.216967602 -0.135332373 -0.085389197
  [4,]  0.313224313 -0.216147732 -0.102730461 -0.689716181  0.084653555
  [5,]  0.582929736 -0.442169016  0.094421839 -0.551502935  0.198849432
  [6,]  0.034757152  0.040605972 -0.424562705  0.123388834  0.012079973
  [7,] -0.352460164 -0.189426184 -0.200165650 -0.277029551 -0.333717163
  [8,]  0.091636454  0.029534584 -0.152228879  0.508550868  0.170649313
  [9,] -0.091681619  0.144203635  0.568070672  0.133716879 -0.182478004
 [10,] -0.174400158  0.243287982  0.315539955  0.316092374  0.854515919
 [11,] -0.622142023  0.140332736  0.687764638 -0.224961478  0.496355650
 [12,]  0.483664025 -0.070334731  0.235743766  0.210694689  0.304409237
 [13,] -0.455246272  0.551554667 -0.065343954  0.513092267 -0.380279082
 [14,]  0.065439266  0.336583506 -0.107212528  0.010548409  0.037028394
 [15,] -0.319176620 -0.078272433  0.247085700  0.055969623 -0.459300181
 [16,]  0.021083469 -0.098170838 -0.142517635 -0.414591741 -0.227517722
 [17,]  0.261245960  0.210188542  0.434859373 -0.600376795 -0.168976947
 [18,] -0.666004000 -0.217847121  0.288366208  1.055722166 -0.359013070
 [19,]  0.262783907 -0.101323597  0.056225602 -0.222670873 -0.223438314
 [20,]  0.608693529 -0.208090850  0.295470753 -0.351899021 -0.083089462
 [21,]  0.066215650 -0.109127568  0.053980890  0.849437785 -0.914385580
 [22,]  0.260454380  0.039648104 -0.454110952  0.091013224 -0.209915885
 [23,]  0.603631886 -0.391557314  0.257981013 -0.068880768 -0.152389699
 [24,]  0.091636454  0.029534584 -0.152228879  0.508550868  0.170649313
 [25,] -0.445219428  0.615870100 -0.202915704  0.130023628 -0.074110746
 [26,] -0.421587767  0.650413039  0.115978311 -0.206822783  0.393841460
 [27,]  0.197322126 -0.058844975  0.146970437 -0.276856842  0.108077768
            Comp.36
  [1,] -0.158452897
  [2,] -0.080731078
  [3,]  0.051387257
  [4,]  0.326513016
  [5,]  0.356642573
  [6,] -0.333068312
  [7,] -0.628861525
  [8,] -0.105077960
  [9,] -0.148977980
 [10,]  0.411027404
 [11,]  0.080541583
 [12,]  0.159259449
 [13,]  0.203537667
 [14,] -0.363865856
 [15,] -0.080731078
 [16,]  0.164839267
 [17,] -0.172051701
 [18,] -0.182982179
 [19,]  0.502905101
 [20,] -0.573098740
 [21,] -0.029901568
 [22,] -0.058322673
 [23,] -0.539827032
 [24,] -0.105077960
 [25,] -0.119289221
 [26,] -0.475543840
 [27,]  0.039056806
 [ reached getOption("max.print") -- omitted 173 rows ]