Factor Analysis using method =  ml
Call: fa(r = mydata, nfactors = 10, rotate = "oblimin", fm = "ml")
Standardized loadings (pattern matrix) based upon correlation matrix
      ML1   ML4   ML3   ML6   ML2   ML7   ML8   ML5   ML9  ML10   h2    u2 com
Q2  -0.07 -0.19 -0.04  0.33  0.05  0.06 -0.16  0.05  0.23 -0.21 0.39 0.612 4.4
Q3  -0.25  0.21  0.05  0.08  0.28  0.40 -0.07  0.03  0.02 -0.04 0.32 0.683 3.5
Q4  -0.13  0.02 -0.05  0.21  0.00 -0.06 -0.17  0.10  0.55  0.03 0.45 0.552 1.8
Q5   0.10  0.66  0.06 -0.06  0.10  0.07  0.04 -0.02 -0.12 -0.23 0.70 0.302 1.5
Q6  -0.02  0.84  0.06 -0.02 -0.09 -0.09  0.04  0.04  0.13  0.06 0.73 0.271 1.1
Q7  -0.04  0.45 -0.01 -0.04  0.07  0.28 -0.19  0.20 -0.04  0.16 0.46 0.543 3.1
Q8   0.06  0.70 -0.04  0.03  0.06 -0.01  0.20  0.05 -0.05 -0.06 0.75 0.249 1.2
Q9   0.17  0.65 -0.03  0.02  0.14  0.06 -0.02  0.01 -0.06  0.19 0.74 0.261 1.5
Q10  0.28  0.23  0.06 -0.10  0.30 -0.07  0.15  0.11 -0.07 -0.09 0.66 0.338 4.6
Q11  0.06  0.02  0.06  0.04  0.81  0.10 -0.06  0.05 -0.10  0.11 0.87 0.126 1.1
Q12  0.02  0.01  0.00 -0.06  0.92 -0.02  0.06  0.07  0.07 -0.06 0.96 0.041 1.0
Q13  0.21  0.10  0.04  0.00  0.29 -0.14  0.07  0.48  0.11 -0.01 0.77 0.230 2.6
Q14  0.04  0.01  0.04 -0.02  0.06  0.02  0.05  0.88  0.00 -0.02 0.94 0.061 1.0
Q15  0.21  0.14  0.10 -0.12  0.06  0.13  0.07  0.34  0.30  0.10 0.73 0.273 4.4
Q16  0.24  0.17  0.08  0.03  0.03  0.16 -0.03  0.07  0.14 -0.04 0.29 0.711 4.1
Q17  0.08 -0.02  0.16  0.08  0.11  0.44  0.09  0.00  0.21 -0.14 0.46 0.539 2.4
Q18  0.36  0.05 -0.04  0.15  0.17  0.37  0.05 -0.07  0.14 -0.17 0.55 0.446 3.8
Q19  0.05  0.01  0.01 -0.06  0.07  0.81  0.05 -0.06 -0.01 -0.02 0.73 0.267 1.1
Q20  0.08 -0.11 -0.04  0.00 -0.02  0.61  0.05  0.25 -0.09  0.15 0.57 0.428 1.7
Q21  0.34  0.04  0.12  0.09 -0.10  0.45 -0.03  0.12  0.07 -0.04 0.55 0.451 2.5
Q22  0.76  0.00  0.00 -0.06 -0.04  0.14  0.06  0.12  0.02 -0.09 0.82 0.179 1.2
Q23  0.81  0.03  0.07  0.00  0.08  0.01 -0.01  0.03  0.08  0.00 0.85 0.153 1.1
Q24  0.77  0.03  0.01 -0.01  0.07 -0.01  0.09  0.07 -0.06 -0.01 0.83 0.166 1.1
Q25  0.75  0.12  0.03  0.03  0.08  0.02 -0.05  0.03 -0.13  0.18 0.85 0.146 1.3
Q26  0.06  0.12  0.09 -0.10  0.03  0.06  0.65  0.09 -0.03  0.02 0.76 0.237 1.2
Q27  0.02  0.16  0.13  0.14  0.03 -0.01  0.64  0.16 -0.20 -0.10 0.79 0.206 1.7
Q28 -0.03 -0.03 -0.04  0.09  0.27  0.12  0.46  0.02  0.06  0.24 0.47 0.529 2.6
Q29  0.14  0.05  0.21  0.01  0.12  0.00  0.37 -0.15  0.10  0.40 0.62 0.379 3.5
Q30  0.22  0.14  0.13 -0.02 -0.01  0.04  0.43  0.11  0.10  0.19 0.73 0.271 2.8
Q31  0.07  0.04  0.10 -0.04 -0.01  0.15  0.49  0.03  0.18  0.06 0.50 0.497 1.7
Q32  0.00  0.01 -0.03  0.75 -0.02  0.06  0.09 -0.05  0.17  0.03 0.63 0.366 1.2
Q33  0.08 -0.03  0.04  0.74 -0.01 -0.06 -0.05  0.07 -0.14  0.02 0.53 0.466 1.2
Q34 -0.06  0.03  0.02  0.78 -0.02 -0.02  0.02 -0.05 -0.01 -0.03 0.63 0.367 1.0
Q35  0.03  0.04  0.66 -0.13 -0.09  0.04  0.14  0.02  0.10  0.04 0.61 0.395 1.3
Q36  0.06 -0.06  0.86  0.05  0.14 -0.08 -0.02 -0.02 -0.05  0.00 0.78 0.216 1.1
Q37 -0.06  0.02  0.94  0.02 -0.07  0.04 -0.02  0.03 -0.01 -0.01 0.83 0.169 1.0

                       ML1  ML4  ML3  ML6  ML2  ML7  ML8  ML5  ML9 ML10
SS loadings           4.32 3.32 2.67 2.07 2.72 2.47 2.63 2.14 0.86 0.68
Proportion Var        0.12 0.09 0.07 0.06 0.08 0.07 0.07 0.06 0.02 0.02
Cumulative Var        0.12 0.21 0.29 0.34 0.42 0.49 0.56 0.62 0.64 0.66
Proportion Explained  0.18 0.14 0.11 0.09 0.11 0.10 0.11 0.09 0.04 0.03
Cumulative Proportion 0.18 0.32 0.43 0.52 0.63 0.74 0.85 0.94 0.97 1.00

 With factor correlations of 
       ML1   ML4  ML3   ML6   ML2  ML7   ML8   ML5   ML9  ML10
ML1   1.00  0.47 0.37 -0.10  0.52 0.42  0.42  0.57 -0.03  0.14
ML4   0.47  1.00 0.29 -0.11  0.38 0.17  0.43  0.40 -0.04  0.11
ML3   0.37  0.29 1.00  0.02  0.26 0.15  0.45  0.31  0.03  0.13
ML6  -0.10 -0.11 0.02  1.00  0.02 0.03 -0.07 -0.08  0.15 -0.05
ML2   0.52  0.38 0.26  0.02  1.00 0.34  0.28  0.49 -0.01  0.10
ML7   0.42  0.17 0.15  0.03  0.34 1.00  0.17  0.27  0.13  0.04
ML8   0.42  0.43 0.45 -0.07  0.28 0.17  1.00  0.29  0.02  0.14
ML5   0.57  0.40 0.31 -0.08  0.49 0.27  0.29  1.00  0.08  0.05
ML9  -0.03 -0.04 0.03  0.15 -0.01 0.13  0.02  0.08  1.00  0.03
ML10  0.14  0.11 0.13 -0.05  0.10 0.04  0.14  0.05  0.03  1.00

Mean item complexity =  2
Test of the hypothesis that 10 factors are sufficient.

The degrees of freedom for the null model are  630  and the objective function was  28.06 0.3 with Chi Square of  5222.95
The degrees of freedom for the model are 315  and the objective function was  2.92 
 0.3
The root mean square of the residuals (RMSR) is  0.03 
The df corrected root mean square of the residuals is  0.04 
 0.3
The harmonic number of observations is  200 with the empirical chi square  158.31  with prob <  1 
 0.3The total number of observations was  200  with Likelihood Chi Square =  523.4  with prob <  1.4e-12 
 0.3
Tucker Lewis Index of factoring reliability =  0.905
RMSEA index =  0.057  and the 90 % confidence intervals are  0.049 0.066 0.3
BIC =  -1145.57
Fit based upon off diagonal values = 1
Measures of factor score adequacy             
                                                   ML1  ML4  ML3  ML6  ML2  ML7
Correlation of (regression) scores with factors   0.97 0.95 0.96 0.92 0.98 0.92
Multiple R square of scores with factors          0.94 0.90 0.91 0.84 0.96 0.85
Minimum correlation of possible factor scores     0.89 0.80 0.83 0.68 0.93 0.70
                                                   ML8  ML5  ML9 ML10
Correlation of (regression) scores with factors   0.93 0.97 0.83 0.81
Multiple R square of scores with factors          0.87 0.94 0.69 0.65
Minimum correlation of possible factor scores     0.73 0.87 0.38 0.31