Loadings:
    Comp.1 Comp.2 Comp.3 Comp.4 Comp.5 Comp.6 Comp.7 Comp.8 Comp.9 Comp.10 Comp.11
Q2          0.344                       0.201  0.115  0.137  0.192  0.294   0.491 
Q3          0.195 -0.105        -0.353  0.301 -0.231 -0.285                -0.149 
Q4          0.274               -0.164  0.369  0.334  0.379        -0.158         
Q5  -0.180 -0.115         0.248                0.123 -0.275         0.227   0.244 
Q6  -0.153 -0.162         0.334 -0.229         0.309                        0.129 
Q7  -0.146        -0.183  0.155 -0.209  0.101        -0.158  0.117 -0.390  -0.195 
Q8  -0.189 -0.121         0.324 -0.172                       0.115  0.149         
Q9  -0.198                0.281                                    -0.215         
Q10 -0.211                0.111  0.128                      -0.106  0.190         
Q11 -0.192  0.103 -0.122         0.151  0.225 -0.362               -0.119   0.161 
Q12 -0.195        -0.130  0.110  0.138  0.283 -0.318                        0.160 
Q13 -0.211                0.104  0.242  0.191         0.160                -0.190 
Q14 -0.201                       0.189  0.230         0.152  0.151         -0.272 
Q15 -0.212                              0.146  0.184  0.193                -0.132 
Q16 -0.143                                     0.283        -0.627                
Q17 -0.133  0.254        -0.174 -0.222  0.119               -0.245  0.201  -0.286 
Q18 -0.159  0.236 -0.122               -0.192        -0.104 -0.294          0.178 
Q19 -0.141  0.189 -0.199 -0.262 -0.251 -0.155        -0.181                 0.204 
Q20 -0.137  0.165 -0.184 -0.252 -0.135 -0.150                0.434 -0.136         
Q21 -0.166  0.191        -0.200        -0.169  0.232                              
Q22 -0.216        -0.136 -0.103  0.140 -0.119  0.112         0.139                
Q23 -0.225                       0.210                                            
Q24 -0.223                       0.240 -0.139                0.149                
Q25 -0.222                       0.200 -0.133                0.120 -0.142         
Q26 -0.200 -0.133  0.162        -0.179        -0.132  0.132         0.244  -0.178 
Q27 -0.191         0.224               -0.144 -0.109                0.324  -0.128 
Q28 -0.149         0.118        -0.180        -0.388  0.294 -0.201          0.119 
    Comp.12 Comp.13 Comp.14 Comp.15 Comp.16 Comp.17 Comp.18 Comp.19 Comp.20
Q2   0.153   0.304                   0.232           0.192   0.176         
Q3  -0.242          -0.458   0.102  -0.136  -0.202  -0.163          -0.179 
Q4  -0.254  -0.117  -0.132  -0.124           0.274                         
Q5                  -0.231  -0.119           0.131   0.273  -0.254         
Q6          -0.164   0.153                  -0.263                         
Q7   0.164   0.387   0.284   0.153   0.369   0.246  -0.120  -0.185         
Q8          -0.142          -0.128           0.140                  -0.188 
Q9                                  -0.171  -0.163   0.252   0.345   0.230 
Q10          0.124   0.205                   0.135  -0.285   0.202  -0.436 
Q11         -0.102                  -0.218          -0.119           0.124 
Q12         -0.220   0.111   0.104  -0.115                           0.119 
Q13  0.173  -0.179                                          -0.168         
Q14  0.255                           0.211  -0.112          -0.103         
Q15         -0.120                          -0.402           0.404  -0.131 
Q16  0.242   0.239  -0.193   0.111  -0.177                   0.102   0.191 
Q17 -0.344           0.342  -0.195                   0.216   0.104         
Q18 -0.113  -0.347           0.346   0.331                  -0.222         
Q19         -0.155          -0.139   0.159          -0.259   0.355         
Q20  0.293  -0.119                  -0.148           0.278           0.143 
Q21  0.210                  -0.410  -0.267                  -0.270  -0.369 
Q22 -0.273   0.171  -0.109                  -0.105          -0.215   0.124 
Q23 -0.285   0.169                                                         
Q24 -0.223   0.105                  -0.105                   0.158         
Q25 -0.262   0.194                  -0.109                                 
Q26                 -0.115                                           0.309 
Q27  0.106  -0.123                   0.276                           0.156 
Q28  0.122   0.362          -0.208   0.159  -0.347   0.198  -0.141  -0.161 
    Comp.21 Comp.22 Comp.23 Comp.24 Comp.25 Comp.26 Comp.27 Comp.28 Comp.29
Q2   0.298                   0.161   0.116                   0.109         
Q3   0.284                                                                 
Q4  -0.300  -0.295  -0.110                                  -0.220         
Q5           0.144          -0.181   0.205  -0.132  -0.238                 
Q6          -0.120   0.286          -0.312   0.234  -0.230   0.206   0.247 
Q7                           0.147                                  -0.122 
Q8  -0.103          -0.287  -0.170                   0.431   0.245  -0.191 
Q9           0.161           0.297   0.131           0.179  -0.318         
Q10         -0.228          -0.232   0.236          -0.270  -0.137   0.200 
Q11         -0.135   0.121   0.115  -0.142   0.119   0.196   0.116   0.104 
Q12                                                 -0.144   0.183  -0.245 
Q13          0.388                   0.148  -0.201                   0.144 
Q14  0.123          -0.239  -0.216  -0.155           0.306  -0.171   0.315 
Q15  0.104           0.137                          -0.205          -0.381 
Q16  0.135  -0.256  -0.168  -0.140                           0.198         
Q17          0.158   0.226           0.163   0.173   0.171   0.234   0.120 
Q18                                          0.224          -0.321         
Q19 -0.171   0.113  -0.247          -0.161  -0.302  -0.134           0.244 
Q20         -0.199          -0.343   0.205   0.218                  -0.149 
Q21                  0.135   0.459  -0.106                                 
Q22                 -0.138          -0.252          -0.151   0.312   0.189 
Q23          0.104   0.175  -0.100          -0.288   0.106          -0.338 
Q24                                                          0.145         
Q25         -0.166                   0.194   0.267          -0.317   0.155 
Q26         -0.177   0.260   0.122   0.119  -0.293  -0.141           0.196 
Q27         -0.448           0.247                   0.129  -0.150  -0.246 
Q28 -0.293          -0.112  -0.104  -0.197                                 
    Comp.30 Comp.31 Comp.32 Comp.33 Comp.34 Comp.35 Comp.36
Q2                                                         
Q3                  -0.137           0.148                 
Q4                                                         
Q5  -0.363                  -0.123  -0.253  -0.159   0.113 
Q6                           0.201          -0.203  -0.141 
Q7           0.127          -0.155                         
Q8   0.359   0.238                           0.171         
Q9          -0.409                           0.215         
Q10  0.159  -0.331                           0.113   0.119 
Q11 -0.140           0.174          -0.103  -0.106   0.578 
Q12                         -0.180  -0.129          -0.614 
Q13 -0.101          -0.106   0.431   0.358   0.287         
Q14                         -0.227  -0.189  -0.309         
Q15          0.328          -0.188  -0.219           0.203 
Q16                          0.141                         
Q17 -0.145                          -0.107                 
Q18  0.159                  -0.154   0.211   0.118   0.103 
Q19          0.121           0.177          -0.122         
Q20         -0.174                           0.129         
Q21                         -0.113                         
Q22                 -0.107          -0.348   0.482   0.100 
Q23  0.245  -0.274           0.359  -0.104  -0.442         
Q24 -0.371          -0.182  -0.380   0.570  -0.169         
Q25          0.483   0.239   0.194  -0.105          -0.312 
Q26  0.365   0.143   0.321  -0.220   0.174                 
Q27 -0.254          -0.280   0.269  -0.117                 
Q28                                  0.153                 
 [ reached getOption("max.print") -- omitted 9 rows ]

               Comp.1 Comp.2 Comp.3 Comp.4 Comp.5 Comp.6 Comp.7 Comp.8 Comp.9
SS loadings     1.000  1.000  1.000  1.000  1.000  1.000  1.000  1.000  1.000
Proportion Var  0.028  0.028  0.028  0.028  0.028  0.028  0.028  0.028  0.028
Cumulative Var  0.028  0.056  0.083  0.111  0.139  0.167  0.194  0.222  0.250
               Comp.10 Comp.11 Comp.12 Comp.13 Comp.14 Comp.15 Comp.16 Comp.17
SS loadings      1.000   1.000   1.000   1.000   1.000   1.000   1.000   1.000
Proportion Var   0.028   0.028   0.028   0.028   0.028   0.028   0.028   0.028
Cumulative Var   0.278   0.306   0.333   0.361   0.389   0.417   0.444   0.472
               Comp.18 Comp.19 Comp.20 Comp.21 Comp.22 Comp.23 Comp.24 Comp.25
SS loadings      1.000   1.000   1.000   1.000   1.000   1.000   1.000   1.000
Proportion Var   0.028   0.028   0.028   0.028   0.028   0.028   0.028   0.028
Cumulative Var   0.500   0.528   0.556   0.583   0.611   0.639   0.667   0.694
               Comp.26 Comp.27 Comp.28 Comp.29 Comp.30 Comp.31 Comp.32 Comp.33
SS loadings      1.000   1.000   1.000   1.000   1.000   1.000   1.000   1.000
Proportion Var   0.028   0.028   0.028   0.028   0.028   0.028   0.028   0.028
Cumulative Var   0.722   0.750   0.778   0.806   0.833   0.861   0.889   0.917
               Comp.34 Comp.35 Comp.36
SS loadings      1.000   1.000   1.000
Proportion Var   0.028   0.028   0.028
Cumulative Var   0.944   0.972   1.000