Factor Analysis using method =  ml
Call: fa(r = mydata, nfactors = 10, rotate = "oblimin", fm = "ml")
Standardized loadings (pattern matrix) based upon correlation matrix
      ML5   ML4   ML3   ML2   ML7   ML6   ML1   ML9   ML8  ML10   h2    u2 com
Q2  -0.10  0.32  0.07 -0.01  0.06 -0.18  0.04 -0.24  0.01  0.18 0.32 0.684 3.7
Q3  -0.09  0.12  0.02  0.20  0.17  0.03  0.14  0.11 -0.02  0.54 0.50 0.496 2.0
Q4  -0.22  0.30 -0.01  0.03  0.01 -0.11 -0.15  0.17  0.20  0.16 0.25 0.747 5.1
Q5   0.01 -0.03  0.04  0.04  0.06  0.04  0.92  0.05  0.00  0.03 1.00 0.005 1.0
Q6   0.02  0.01  0.07 -0.11 -0.14  0.14  0.28  0.58  0.12  0.00 0.70 0.304 1.9
Q7   0.16 -0.07  0.03  0.02  0.14 -0.07  0.03  0.50  0.10  0.22 0.49 0.514 2.0
Q8   0.10  0.03 -0.02  0.07 -0.14  0.21  0.45  0.37  0.03  0.04 0.78 0.223 2.9
Q9   0.20 -0.02 -0.06  0.15  0.05  0.01  0.30  0.52 -0.02 -0.08 0.77 0.234 2.3
Q10  0.22 -0.11  0.05  0.35 -0.10  0.18  0.13  0.04  0.19 -0.01 0.68 0.317 4.0
Q11  0.10  0.03  0.04  0.84  0.07 -0.04  0.00  0.03  0.00  0.01 0.87 0.129 1.1
Q12  0.01 -0.04  0.01  0.86  0.01  0.06  0.07 -0.04  0.10  0.05 0.93 0.071 1.1
Q13  0.08 -0.02  0.06  0.39 -0.02  0.05  0.12  0.03  0.52 -0.10 0.89 0.115 2.2
Q14  0.21 -0.04  0.07  0.17 -0.07  0.12  0.01  0.00  0.60  0.10 0.79 0.211 1.6
Q15  0.09 -0.12  0.11  0.12  0.22  0.11 -0.12  0.25  0.45 -0.02 0.75 0.254 3.1
Q16  0.00  0.06 -0.03  0.00  0.41 -0.01  0.21  0.04  0.31 -0.22 0.45 0.553 3.2
Q17  0.01  0.05  0.13  0.15  0.44  0.09  0.01 -0.02  0.07  0.30 0.53 0.474 2.5
Q18  0.18  0.15 -0.02  0.18  0.52  0.02  0.11 -0.06  0.06  0.00 0.61 0.393 1.8
Q19  0.04 -0.10  0.01  0.12  0.73  0.11 -0.02  0.03 -0.10  0.12 0.70 0.300 1.2
Q20  0.27 -0.01 -0.01 -0.01  0.54  0.09 -0.03  0.02 -0.05  0.09 0.51 0.487 1.6
Q21  0.18  0.11  0.10 -0.07  0.57 -0.05  0.17 -0.07  0.21 -0.11 0.62 0.377 2.1
Q22  0.79 -0.06  0.00 -0.07  0.11  0.13  0.04 -0.06  0.07  0.13 0.84 0.160 1.2
Q23  0.76  0.02  0.06  0.05  0.07 -0.01  0.02  0.01  0.11 -0.04 0.83 0.168 1.1
Q24  0.76 -0.01  0.05  0.10 -0.01  0.06  0.04  0.01  0.02 -0.07 0.84 0.160 1.1
Q25  0.81  0.01  0.02  0.11  0.02 -0.01 -0.01  0.15 -0.04 -0.07 0.85 0.145 1.1
Q26  0.12 -0.10  0.05  0.02  0.01  0.75  0.13 -0.03  0.04  0.04 0.87 0.134 1.2
Q27  0.17  0.10  0.21  0.07 -0.12  0.45  0.22  0.02  0.11 -0.04 0.76 0.242 2.9
Q28 -0.03  0.16 -0.08  0.31  0.11  0.47 -0.05  0.11  0.00 -0.03 0.49 0.512 2.4
Q29  0.04  0.04  0.22  0.21  0.13  0.29 -0.12  0.26 -0.15 -0.30 0.55 0.448 6.2
Q30  0.17  0.02  0.14  0.06  0.11  0.34  0.02  0.24  0.13 -0.14 0.69 0.306 4.0
Q31  0.04  0.04  0.06 -0.09  0.22  0.53  0.01  0.06  0.10 -0.03 0.49 0.507 1.6
Q32 -0.02  0.75  0.02 -0.02  0.10  0.06 -0.14  0.15  0.02  0.07 0.63 0.365 1.2
Q33  0.13  0.80 -0.02  0.04 -0.06 -0.07  0.02 -0.08  0.00 -0.04 0.65 0.354 1.1
Q34 -0.09  0.85  0.03 -0.04 -0.02  0.03  0.06 -0.04 -0.04  0.00 0.74 0.260 1.1
Q35 -0.13 -0.12  0.63 -0.03  0.12  0.14  0.07  0.05  0.07 -0.16 0.58 0.421 1.6
Q36  0.08  0.05  0.80  0.15 -0.05  0.00  0.04 -0.07 -0.08 -0.07 0.75 0.249 1.2
Q37  0.01  0.02  0.98 -0.07 -0.01 -0.04 -0.03  0.01  0.03  0.09 0.92 0.083 1.0

                       ML5  ML4  ML3  ML2  ML7  ML6  ML1  ML9  ML8 ML10
SS loadings           4.22 2.33 2.60 3.06 2.63 2.79 2.17 1.99 1.95 0.87
Proportion Var        0.12 0.06 0.07 0.08 0.07 0.08 0.06 0.06 0.05 0.02
Cumulative Var        0.12 0.18 0.25 0.34 0.41 0.49 0.55 0.60 0.66 0.68
Proportion Explained  0.17 0.09 0.11 0.12 0.11 0.11 0.09 0.08 0.08 0.04
Cumulative Proportion 0.17 0.27 0.37 0.50 0.60 0.72 0.80 0.89 0.96 1.00

 With factor correlations of 
       ML5   ML4   ML3  ML2  ML7   ML6   ML1   ML9   ML8  ML10
ML5   1.00 -0.11  0.34 0.58 0.41  0.51  0.43  0.31  0.48 -0.10
ML4  -0.11  1.00  0.08 0.04 0.08 -0.12 -0.07 -0.03 -0.05  0.08
ML3   0.34  0.08  1.00 0.28 0.19  0.40  0.23  0.16  0.30 -0.09
ML2   0.58  0.04  0.28 1.00 0.32  0.41  0.34  0.27  0.42  0.03
ML7   0.41  0.08  0.19 0.32 1.00  0.27  0.10  0.13  0.23  0.16
ML6   0.51 -0.12  0.40 0.41 0.27  1.00  0.44  0.43  0.32 -0.08
ML1   0.43 -0.07  0.23 0.34 0.10  0.44  1.00  0.38  0.34 -0.02
ML9   0.31 -0.03  0.16 0.27 0.13  0.43  0.38  1.00  0.25 -0.03
ML8   0.48 -0.05  0.30 0.42 0.23  0.32  0.34  0.25  1.00 -0.01
ML10 -0.10  0.08 -0.09 0.03 0.16 -0.08 -0.02 -0.03 -0.01  1.00

Mean item complexity =  2.1
Test of the hypothesis that 10 factors are sufficient.

The degrees of freedom for the null model are  630  and the objective function was  30.82 0.3 with Chi Square of  4659
The degrees of freedom for the model are 315  and the objective function was  3.53 
 0.3
The root mean square of the residuals (RMSR) is  0.03 
The df corrected root mean square of the residuals is  0.04 
 0.3
The harmonic number of observations is  165 with the empirical chi square  148.59  with prob <  1 
 0.3The total number of observations was  165  with Likelihood Chi Square =  509.71  with prob <  2.2e-11 
 0.3
Tucker Lewis Index of factoring reliability =  0.898
RMSEA index =  0.061  and the 90 % confidence intervals are  0.051 0.071 0.3
BIC =  -1098.67
Fit based upon off diagonal values = 1
Measures of factor score adequacy             
                                                   ML5  ML4  ML3  ML2  ML7  ML6
Correlation of (regression) scores with factors   0.97 0.94 0.97 0.97 0.92 0.94
Multiple R square of scores with factors          0.94 0.88 0.94 0.95 0.85 0.88
Minimum correlation of possible factor scores     0.89 0.75 0.88 0.89 0.71 0.77
                                                   ML1  ML9  ML8 ML10
Correlation of (regression) scores with factors   1.00 0.90 0.92 0.82
Multiple R square of scores with factors          0.99 0.82 0.84 0.67
Minimum correlation of possible factor scores     0.98 0.63 0.69 0.35