             Comp.1       Comp.2      Comp.3        Comp.4       Comp.5
  [1,]  0.317286054  1.682331783  0.47822483 -0.4176988940 -0.315883864
  [2,] -2.132524537  0.007627487  1.00747998 -0.1083035658  5.199010442
  [3,]  4.308827075  1.416950498 -3.35246179 -2.3368413128 -0.068875509
  [4,] -5.762799014  0.896245912  0.86991705 -1.0394604274  1.326102527
  [5,]  3.749679620  1.941635675  2.08054682  0.1892288161  0.216021999
  [6,] -0.228923973  3.063053801  1.06419981  0.3668985640  0.238133954
  [7,] -0.052295249 -2.442604282  1.51162515  0.5958314627  0.625761638
  [8,] -1.366725540 -0.194294426 -0.26231039  1.4722469454  0.285053290
  [9,]  2.989772369  0.719780419  0.02022768 -0.1817739451 -0.273581705
 [10,] -3.118564276 -0.847402150 -1.22664369  0.2463292658 -0.265494917
 [11,] -1.645106967  0.807967078  0.26387949 -1.3058416507  0.662890999
 [12,]  0.180208325  0.025654319  0.27169584 -0.6498582773 -0.677381006
 [13,]  0.385329266  0.995263849 -1.62194884  0.7050789645 -1.947547178
 [14,] -0.366638671 -1.526028953 -2.85810567 -1.9659213819  0.335174609
 [15,] -2.132524537  0.007627487  1.00747998 -0.1083035658  5.199010442
 [16,]  0.006707561 -1.106578020  1.31413924  0.8220121325  0.173781504
 [17,] -5.969444919  0.162835423 -4.29209803 -2.8485461546  0.659167839
 [18,] -2.743019650 -0.209318306 -2.42875630 -0.1731324515  0.368333921
 [19,]  0.914636341  0.093591380 -1.62691877  3.8186389441  0.602203366
 [20,]  0.057286337  1.219253800 -0.49411789 -0.7355253432 -2.000774621
 [21,]  1.547699027 -0.862061136  3.49723687 -0.5548949901  1.133148412
 [22,] -2.634777009  1.846082587  0.09449604 -0.3492744231 -0.676519973
 [23,] -3.253113489 -1.674318661 -0.52460536  3.6954523138 -0.494539040
 [24,] -1.366725540 -0.194294426 -0.26231039  1.4722469454  0.285053290
 [25,]  1.668991343  1.921794928 -0.25070537  1.0191255700 -1.356115678
 [26,] -0.659533770  0.548692510 -0.67687654 -0.3216266443  0.194804540
 [27,]  1.190030670 -4.548188348  1.41098464 -0.0216877036  0.624421667
             Comp.6       Comp.7       Comp.8        Comp.9       Comp.10
  [1,]  1.358710842 -0.617872391 -0.094470421 -1.2121326507 -0.2827882204
  [2,]  0.265051819  1.567919333 -1.610922195 -0.7038812378 -0.2095101962
  [3,] -0.590862924  0.098525892  1.466503278  0.0394492916  0.0956074098
  [4,] -1.313169361 -1.120085918  0.224294050  0.4957089714 -0.2291805096
  [5,]  0.551777525 -1.112112624  0.864610761  0.6973762701 -0.6836153531
  [6,]  0.938721480  0.886723576  1.519103135 -0.9805001181  0.6324881283
  [7,]  1.085543611 -0.119293693  0.958354804  0.0005929445 -0.5933382390
  [8,] -1.273195338 -1.837470729 -0.421809089 -0.5900238205  0.3664220034
  [9,] -0.504131429 -0.322268091  0.429280879 -0.1796040488  0.7786035327
 [10,]  0.992064083  0.442438872 -1.344946412 -0.9872305318  1.5519422049
 [11,]  0.176375919 -0.874839436 -0.851356334  0.1783918975  0.0579629728
 [12,] -2.154147938  0.815000222  1.155205911  0.5816644591  0.1591414674
 [13,] -0.288107000  1.961715898  0.282519271  1.2913557600  0.4761546495
 [14,]  0.967762121 -1.966012595 -0.952290914  1.4465419681 -1.7300759377
 [15,]  0.265051819  1.567919333 -1.610922195 -0.7038812378 -0.2095101962
 [16,] -0.865437393  0.650682564  0.131633977 -0.3703485093 -0.1827688581
 [17,] -0.753303883 -0.676248230 -0.601147420 -0.7005851786  0.9918805180
 [18,] -0.948626776 -1.115200259 -0.949885093 -0.4611040376  0.8298956275
 [19,] -0.206608298 -0.871390295  0.292100822 -0.2163181983  0.4916259899
 [20,] -1.312976366 -0.491734266 -0.427766309  0.9315882175  0.3068228755
 [21,] -1.874257688 -2.093754962  0.515810594 -0.1536597825 -2.3117872882
 [22,] -1.139792718 -0.337164274 -1.352265843 -1.1830530448 -0.0001689678
 [23,]  0.624773415  0.361661455 -0.920764779  0.5069804503  0.3900417457
 [24,] -1.273195338 -1.837470729 -0.421809089 -0.5900238205  0.3664220034
 [25,] -0.020435549 -0.132365602  0.503714869 -0.2887996178 -0.5327147747
 [26,]  0.014111639 -0.262397708 -0.147409298  0.2375687154 -0.0148739182
 [27,]  0.974876075  1.787487521  1.641349852  0.1132372132 -0.5812170230
            Comp.11     Comp.12      Comp.13     Comp.14      Comp.15      Comp.16
  [1,] -0.658927617 -0.30055614 -0.674821275 -1.07332485  0.379693905  0.479977771
  [2,]  0.345259407  0.84951365  0.218899068 -0.35831950  0.241206526  0.530883297
  [3,]  0.263292060 -0.07180102 -0.298714458 -0.33878005 -0.747196683 -0.172605227
  [4,]  0.025812956 -1.24936218  0.441666914  0.11770946  1.414238825  0.063410318
  [5,] -0.908409909  0.51698972 -1.387252783  0.87553641 -0.037132917 -0.238245556
  [6,] -1.023718692  0.39131430 -0.561879617  0.20256631 -0.329917391  0.135944416
  [7,] -0.940937649  0.40821849 -0.698286351  0.51927360 -0.705278782 -0.429148850
  [8,]  0.344910737  1.85312370  1.276726542  0.17521492 -1.909336683 -0.984437787
  [9,]  0.343651793 -0.05416948  0.229954810  0.04203785  0.145903146 -0.657478813
 [10,] -0.723567341 -0.92389632  1.026384218 -0.71896049  0.178453227 -0.126678517
 [11,] -0.256239195 -0.08560923 -0.809142815 -0.92038073 -0.469063510 -0.740921514
 [12,] -0.388551651 -0.07330609 -0.648553414 -1.37824513  0.104028184 -1.542685188
 [13,] -0.325039636 -0.83706678  0.918285391 -0.76441394 -0.458619010  1.665894108
 [14,]  0.336604423 -1.00517385 -0.166350793 -0.04570936  2.074541252 -0.014815029
 [15,]  0.345259407  0.84951365  0.218899068 -0.35831950  0.241206526  0.530883297
 [16,] -0.017952102  0.18012806 -0.253192215 -0.27317496  0.623732748  0.313374155
 [17,] -1.039626262 -0.86469437 -0.426714419 -1.95376369 -1.245630907  1.551100212
 [18,] -0.661291435 -0.44392387 -0.132426389 -0.51450301 -1.482894569  0.939781218
 [19,] -0.492750954 -1.08654028  0.463700520 -0.12531209  0.111485928 -0.297644448
 [20,] -1.916113046  0.96212297  0.688324663  0.20705250 -0.130331926  0.111313171
 [21,] -0.022168253 -2.74247292  0.356374166  0.49500744  0.021257449  0.368639797
 [22,] -0.294620736 -0.57153528 -0.074642818 -0.25774652  0.659568323 -0.476620584
 [23,] -1.101799928  1.19116593  0.039807522 -0.66698889  0.882575361  0.221634042
 [24,]  0.344910737  1.85312370  1.276726542  0.17521492 -1.909336683 -0.984437787
 [25,]  0.766221487  0.26317816 -0.828395957 -0.90184871  0.051392303  0.418273995
 [26,] -0.873614208 -0.64382409 -0.331943918 -0.48834229  0.070696136 -0.007772114
 [27,] -0.722690833  0.91482512 -0.007941458  0.27448752  1.534830263  1.441614369
            Comp.17      Comp.18      Comp.19      Comp.20      Comp.21
  [1,]  0.748254598 -1.144851752  0.285919222  0.484720293 -0.269778498
  [2,]  0.044728686 -0.318337786  0.917372288  0.090307599 -0.504319683
  [3,]  0.068316358 -0.195337514  0.783458914 -0.289827115  0.033982164
  [4,] -0.881821366  0.995304959  0.428096657 -0.483116274 -1.152529082
  [5,]  0.586659217 -0.002249463  0.536343147  0.509502674 -0.869572300
  [6,]  0.412893606  0.109252243 -1.070601174  1.519783971 -0.085596430
  [7,] -0.676856399 -1.588705799  0.337446086  0.682425558 -1.032997902
  [8,] -0.547199661  0.725360622 -0.334376898  0.137263867  0.180914898
  [9,]  0.999965477  0.512504024 -0.531051456 -0.380758473 -0.093875541
 [10,] -1.052121813 -0.280626483 -0.398334582 -0.488311389 -0.539880234
 [11,] -0.023872613  0.474592880  0.213675562 -0.196792782 -0.242798260
 [12,]  0.941314386  0.434457830  1.082564891  0.561429229  0.341074099
 [13,]  2.018026650  0.300999770  0.050232650  0.255679448  0.260350684
 [14,]  1.533246959  0.720784641  0.374568893 -0.425839213  0.177892130
 [15,]  0.044728686 -0.318337786  0.917372288  0.090307599 -0.504319683
 [16,]  0.424872327  1.292632653  0.192601414  1.212316838  0.252150949
 [17,] -1.147331160  1.026577132  0.945801230 -0.182492151 -0.415379442
 [18,]  0.045078278 -0.437122102  0.028760008 -0.333599853  0.881844998
 [19,] -0.314813806 -0.087644690 -0.881018082 -0.308058988 -0.228642424
 [20,] -1.263036080 -0.480635566 -1.283771379 -0.447425775  0.428886410
 [21,] -1.088387057  1.404141501 -0.686657693  0.230020120  0.577603989
 [22,] -0.589607730 -0.007671364 -0.409237960 -0.206128446  0.506009997
 [23,]  0.539132234  0.220736447  0.068142097 -0.870985770  0.035998759
 [24,] -0.547199661  0.725360622 -0.334376898  0.137263867  0.180914898
 [25,]  0.752238376 -0.489449160  0.008223911 -0.201161446  0.067177303
 [26,] -0.340377798  1.033521440  0.290050640  0.341291621 -0.698920318
 [27,] -0.764426382 -0.039007926 -0.407039035 -0.395317047  0.794360830
            Comp.22       Comp.23     Comp.24      Comp.25       Comp.26
  [1,] -0.060290802 -0.4180901815 -1.56735813  0.055912910  0.5883953508
  [2,] -0.267084058  0.3793681441  0.02752097  0.396895976 -0.5393223842
  [3,]  0.279219938 -0.1422508007  0.03128869  0.268843485  0.3058829338
  [4,] -0.087803115 -0.8244039303 -0.67019866 -0.698648268  0.8884811943
  [5,] -0.117437854 -0.7289660476 -0.29134904  0.029933246 -0.3900223154
  [6,] -0.139218422 -0.5022676560  0.96570039 -0.824248610 -0.0885571978
  [7,] -0.154068468 -0.7086643888  0.52087820  0.034201994  0.0910276169
  [8,]  1.020055587  0.3479663880 -1.00845992 -0.212248798 -0.0968514686
  [9,]  0.320196958 -0.0049560300  0.28401887  0.227481490  0.1561855391
 [10,] -1.127308700  0.3925759049  0.01945343 -0.776690431  0.2512720427
 [11,]  1.224601358 -0.1513869693 -0.80233619 -0.012270112 -0.2121924121
 [12,] -1.229229748 -0.0875701422 -0.41323154  0.070709409 -0.3467850194
 [13,] -0.936115314  0.6317261364 -0.01716523 -0.554609577 -1.1958535583
 [14,] -0.411131441 -0.4094527494 -0.56116205 -0.046582690 -0.4160599760
 [15,] -0.267084058  0.3793681441  0.02752097  0.396895976 -0.5393223842
 [16,] -0.710917398 -1.2174849974  0.38867831  0.570057343  0.3259288797
 [17,] -0.004396822 -1.1727859567  0.49043368  1.022721820  0.1355437381
 [18,] -2.047712397 -0.3000257846 -0.62056869 -1.456981270 -0.4911258658
 [19,]  0.448829567 -0.0840555598  0.37688430  0.243228728 -0.5845715382
 [20,]  0.550476083  0.6364030640 -0.69203778  0.695895523 -0.3230530208
 [21,] -0.205519963  0.2978691318 -1.54788436 -0.061130325 -0.4962102861
 [22,] -0.070869958 -0.2231901601  0.05334696 -0.190941299  0.4192303835
 [23,]  0.176424645 -0.0907735186 -0.53227662 -0.754339292  0.4638112466
 [24,]  1.020055587  0.3479663880 -1.00845992 -0.212248798 -0.0968514686
 [25,]  0.234551641  0.2837849483  0.23151576 -0.274841741  0.1098881280
 [26,] -0.529591251 -0.3339500632 -0.66383667 -0.357533338  0.0007077834
 [27,] -0.312860161  0.3282934227 -0.06157205 -0.522346269  0.5772649768
            Comp.27      Comp.28     Comp.29      Comp.30     Comp.31      Comp.32
  [1,] -0.176281766 -0.632561871 -0.07502318 -0.522619150  0.47074146 -0.192665185
  [2,] -0.601782100 -0.109854847 -0.20810445  0.262288461  0.03391734  0.113512769
  [3,] -0.164959324  0.052317954 -0.22296691  0.023569733  0.03005915  0.235895145
  [4,]  0.562967940  0.003623944  0.62142066  0.522150875 -0.39995181 -0.252214098
  [5,] -0.139513565 -0.387038358  0.44045678 -0.008302460 -0.68184579 -0.244570851
  [6,]  0.206897389 -0.202662175  0.03890225 -0.319507876 -0.04508890 -0.022205152
  [7,]  0.121443702  0.283627408 -0.44374880  0.433406151  0.03988298 -0.333213363
  [8,] -0.400024469 -0.431705941  0.20762240 -0.014396088  0.41642475 -0.282437479
  [9,]  0.231188908  0.125754423 -0.27909776  0.107624519  0.06332389  0.477047575
 [10,]  0.461319931 -0.464147747 -0.67671401 -0.085948551  0.07232997  0.003349315
 [11,]  0.485815049 -0.201766518  0.04151126  0.551657517  0.11459127  0.654620540
 [12,] -0.222787491 -0.177653755  0.55684600 -0.540491710 -0.03629854  0.335604822
 [13,]  0.062429013 -0.152741849  0.13390484 -0.169115700  0.23477207  0.430439297
 [14,] -0.378259149 -0.478111708  0.03163395 -0.053365392  0.31021985 -0.372818005
 [15,] -0.601782100 -0.109854847 -0.20810445  0.262288461  0.03391734  0.113512769
 [16,]  0.586975674  0.030134067 -0.01938368  0.293429052 -0.14707269 -0.141181356
 [17,]  0.079922854 -0.186651675  0.24496056  0.319950525 -0.17937204 -0.003697496
 [18,]  0.579183782  0.597407612  0.83494964 -0.391097394  0.04565982  1.302870846
 [19,] -0.317435085  0.258084412  0.15698289  0.042936193 -0.35126446 -0.049331794
 [20,] -0.027710383 -0.430646477  0.00111467 -0.204950800 -0.57931405 -0.529285030
 [21,] -0.926094942  0.493473863 -0.09438862 -1.024027823  0.37527571  0.255199798
 [22,]  0.374296699  0.628771719 -0.27829708 -0.649035835  0.14278303 -0.455433067
 [23,] -0.292945774 -0.300110147 -0.02148710  0.063207452 -0.49666674 -0.331949347
 [24,] -0.400024469 -0.431705941  0.20762240 -0.014396088  0.41642475 -0.282437479
 [25,] -0.404370410  0.659314665 -0.02007522  0.410160140  0.63616955  0.231196703
 [26,]  0.083701343 -0.471362975 -0.11432262  0.652696489  0.40932361 -0.167435674
 [27,]  0.106685337  0.457304471  0.40872471  0.282396335 -0.34514411  0.113970119
             Comp.33      Comp.34      Comp.35      Comp.36
  [1,]  0.3477294143 -0.001869595 -0.176601253  0.057957263
  [2,] -0.2336978423  0.120538786 -0.262980816  0.048139236
  [3,] -0.0019183052  0.035822221  0.007909701 -0.042512556
  [4,]  0.2851865686 -0.034227875  0.021358807 -0.423591461
  [5,]  0.1518643138  0.223197799  0.343167709 -0.369993227
  [6,]  0.1018339541 -0.273565662 -0.209334133  0.244436729
  [7,] -0.2218534156 -0.006156626 -0.515182049  0.549346721
  [8,] -0.0414882863  0.084123649  0.019957711  0.001701625
  [9,]  0.0429556725  0.453412984  0.060125768  0.294466738
 [10,] -0.1721456772 -0.134782242  0.709352378 -0.280878537
 [11,]  0.8600996810 -0.081607969  0.394954532 -0.060363244
 [12,]  0.1222020977  0.080382749  0.587239350 -0.097835958
 [13,] -0.0438300097 -0.120172364 -0.372430250 -0.327180789
 [14,]  0.0831523245  0.114421992  0.132017179  0.416028041
 [15,] -0.2336978423  0.120538786 -0.262980816  0.048139236
 [16,]  0.1768070070  0.082548583 -0.080434909 -0.163998688
 [17,]  0.4256253489  0.685156041  0.107498478  0.206032994
 [18,] -0.3261833851 -0.327501903 -0.375977645  0.130305552
 [19,] -0.0075050390  0.277678095 -0.150916263 -0.536354023
 [20,]  0.0274155821  0.375963742 -0.088254424  0.500550067
 [21,] -0.4911436593  0.258520649 -0.321760366  0.042093039
 [22,]  0.0048337201 -0.025501446 -0.183962910  0.058777726
 [23,] -0.5971566016  0.460525138 -0.092495243  0.601364844
 [24,] -0.0414882863  0.084123649  0.019957711  0.001701625
 [25,]  0.2163961945 -0.073851315 -0.161610879  0.099300476
 [26,]  0.4920269689 -0.046035798  0.242787180  0.452189162
 [27,]  0.1005590584 -0.149075019  0.099956099 -0.061537095
 [ reached getOption("max.print") -- omitted 138 rows ]